Name	Chr	Pos	BAF	LRR
rs9406764	9	19979174	0.0091	0.1108
rs774359	9	27561049	0.0000	-0.0077
rs10966007	9	23646551	1.0000	-0.0850
rs2066720	9	107554069	1.0000	-0.0227
rs6476322	9	32041861	0.0000	0.0991
rs10818441	9	123114119	0.0000	-0.0813
rs10306192	9	125155930	0.0000	-0.0911
rs12235303	9	30882214	0.9453	-0.0884
rs1544195	9	21830479	1.0000	0.1822
rs10511454	9	3743938	0.0082	0.1498
rs16933502	9	119163576	0.0000	0.0613
rs776761	9	18680771	1.0000	0.0486
rs6477710	9	99585314	1.0000	0.1512
rs2141368	9	94609451	0.0000	0.2244
rs7048582	9	38670778	1.0000	0.0656
rs10491751	9	13444932	0.0000	0.2155
rs4484780	9	88860820	1.0000	0.3419
rs10988603	9	132901507	1.0000	0.0586
rs11789185	9	130607518	1.0000	0.1854
rs1928200	9	7270363	1.0000	0.1799
rs7852970	9	139820421	1.0000	0.7346
rs12684467	9	32850506	1.0000	-0.0235
rs4442208	9	77693316	1.0000	0.0880
rs884112	9	139841558	0.0114	0.4089
rs7848164	9	90392406	0.0000	0.0550
rs10901359	9	134149767	1.0000	-0.0671
rs1758726	9	25352201	0.0000	-0.2092
rs605323	9	97290466	1.0000	0.5019
rs530120	9	18717903	1.0000	0.1970
rs17320021	9	114341033	0.0000	0.0948
rs4877369	9	90324869	1.0000	0.3486
rs6475295	9	18974072	1.0000	0.0035
rs10809748	9	12284611	1.0000	-0.0301
rs10964665	9	20700838	0.0000	0.1666
rs7856666	9	139711726	0.0000	0.5987
rs1028863	9	89688153	0.0000	0.1628
rs12001640	9	136200150	1.0000	-0.1036
rs2067790	9	16151659	1.0000	-0.0181
rs2812314	9	108166606	0.0000	0.0959
rs7862769	9	9905178	0.0000	0.0167
rs7874108	9	18817594	1.0000	0.0639
rs7865534	9	119117464	0.0013	0.1028
rs7045319	9	84233782	0.0089	-0.1831
rs10780407	9	83110616	0.0000	-0.0652
rs3747498	9	100087220	1.0000	0.1174
rs647128	9	138015713	0.0000	0.0146
rs10757686	9	2787856	0.0000	0.1060
rs2812373	9	34741752	1.0000	-0.0271
rs10983917	9	120975586	1.0000	0.1253
rs2381512	9	6882169	1.0000	0.1699
rs13289947	9	22551240	1.0000	0.1777
rs10760344	9	127026282	1.0000	0.0025
rs10818442	9	123115902	1.0000	0.0843
rs3124779	9	136281966	0.0000	0.1392
rs11999215	9	107830552	0.0000	0.1392
rs4741748	9	2626851	0.0000	-0.0257
rs4977756	9	22068652	1.0000	0.0220
rs478381	9	84459072	0.0000	0.1195
rs1923352	9	13898956	1.0000	0.0411
rs824222	9	28799706	1.0000	0.1951
rs817870	9	110144688	0.0000	0.2085
rs10963518	9	18208852	1.0000	-0.1194
rs11138092	9	81760880	1.0000	-0.0331
rs10977432	9	8999697	0.0026	0.0134
rs11243956	9	135840945	1.0000	0.0037
rs10123080	9	94962103	0.9682	0.2013
rs10124568	9	110743292	1.0000	0.0585
rs10991816	9	93950513	0.0000	0.0579
rs894243	9	133553187	1.0000	-0.0406
rs10867605	9	83279833	0.0000	-0.0783
rs10757392	9	23128281	1.0000	0.4946
rs927316	9	4172899	1.0000	0.1053
rs1034014	9	80057994	1.0000	0.5429
rs10988865	9	102342950	0.0000	0.0255
rs3747540	9	37692733	1.0000	0.0118
rs1410035	9	13803088	1.0000	0.2385
rs10991038	9	106780898	1.0000	0.2451
rs11143193	9	74853935	1.0000	-0.0592
rs10115062	9	88123838	0.0000	0.1489
rs2221127	9	106391797	0.9967	0.0216
rs7039312	9	35881628	0.0000	-0.0428
rs7030289	9	108672309	0.0000	-0.0014
rs1484375	9	109067561	1.0000	0.0140
rs7045809	9	114577770	0.0000	0.3857
rs10811561	9	21530609	0.0000	0.1464
rs10819460	9	101685520	0.0000	0.2028
rs7022062	9	81403141	0.0000	-0.2461
rs4979136	9	110360883	0.0000	0.0335
rs7874430	9	131482517	0.0000	0.0571
rs6478623	9	126315123	0.0000	0.1927
rs2065504	9	22141552	0.0111	0.0738
rs169851	9	93727745	0.0056	0.1576
rs4507869	9	132127719	0.0000	-0.0152
rs17056975	9	74158862	1.0000	0.0217
rs17818730	9	19346710	0.0000	0.0649
rs4620331	9	7400754	0.0000	0.0870
rs1995845	9	10050872	0.0021	-0.2072
rs1571812	9	2495870	1.0000	0.1286
rs10757167	9	2106705	0.0000	0.0641
rs563	9	139296485	0.0000	0.8240
rs10814971	9	4438264	0.0000	0.0591
rs10868365	9	72621005	0.9777	-0.0276
rs7860862	9	3037903	0.0000	0.1164
rs10821076	9	95899771	0.9970	-0.0098
rs2809380	9	120851579	1.0000	-0.0170
rs2243313	9	107621140	0.0000	0.0975
rs4237201	9	98840177	1.0000	-0.0595
rs10985112	9	123731408	1.0000	-0.0618
rs16920433	9	4032693	0.9993	0.0071
rs12337454	9	28746938	0.0000	0.3265
rs10816519	9	110245984	0.0000	-0.0561
rs955193	9	15788170	0.0000	-0.0622
rs2094394	9	36702096	1.0000	-0.0049
rs13286006	9	112556848	1.0000	-0.0309
rs1385453	9	4671022	0.0000	0.1209
rs10521474	9	79318119	1.0000	-0.0687
rs7863770	9	7757891	1.0000	0.0841
rs784660	9	109880985	0.0000	0.0144
rs2779708	9	129979725	1.0000	0.2454
rs10813841	9	32619211	1.0000	0.3825
rs10435943	9	83457320	1.0000	0.2099
rs2306183	9	96052179	0.0000	0.1477
rs1890126	9	1214563	1.0000	0.0283
rs7031238	9	78289935	0.0000	0.0896
rs7866997	9	12362466	1.0000	-0.1217
rs10759736	9	117523192	0.0000	0.3147
rs12351115	9	36956031	1.0000	0.4597
rs3758200	9	80918333	1.0000	0.1218
rs12551778	9	32748365	0.0000	0.2471
rs1926728	9	78391161	0.0204	0.2513
rs1101845	9	33643569	1.0000	0.1081
rs489571	9	78333685	0.0000	-0.0046
rs3218005	9	22000247	0.0000	0.3855
rs1073049	9	87647100	0.0000	0.1850
rs612828	9	13706483	0.9978	0.0419
rs4008031	9	12460256	0.0000	0.0864
rs2010398	9	98905141	1.0000	0.0645
rs4877750	9	85872664	1.0000	0.0864
rs3904473	9	3073208	1.0000	-0.0285
rs10117362	9	17687412	0.9850	0.1393
rs17834811	9	27185762	0.0000	0.1182
rs10758192	9	33131651	0.0000	0.0750
rs952695	9	30925753	0.9978	-0.0689
rs10976603	9	7820080	1.0000	-0.0752
rs4332197	9	77936388	1.0000	-0.0786
rs2873804	9	136505644	1.0000	-0.0445
rs7468703	9	118726714	1.0000	0.3181
rs2988418	9	6650885	1.0000	0.0498
rs16908910	9	24864882	0.0000	0.1450
rs4878063	9	89961029	0.0000	0.2197
rs2416875	9	125314400	1.0000	-0.1217
rs10429632	9	135326806	1.0000	0.1463
rs399780	9	10061106	1.0000	0.0503
rs2275542	9	107645080	0.0000	0.4346
rs495519	9	84116843	0.0000	0.0995
rs10812990	9	29133769	1.0000	-0.0432
rs12002539	9	76944989	1.0000	-0.0715
rs4837737	9	123011594	1.0000	0.2421
rs7034837	9	126965119	0.9967	-0.1040
rs10758215	9	33623392	1.0000	-0.0935
rs10481683	9	119803933	1.0000	-0.1849
rs7043834	9	74176852	0.0006	-0.0171
rs885290	9	16203309	1.0000	0.1110
rs10989088	9	98823407	0.0000	0.1044
rs10869829	9	79438813	1.0000	-0.0916
rs17611	9	123769200	0.0000	0.1728
rs7865126	9	19102828	0.0000	0.0924
rs2493637	9	109521257	0.0000	0.0946
rs13288748	9	27274428	0.9967	0.0930
rs4743443	9	98745485	0.0000	0.0825
rs736417	9	136359085	0.0000	0.1779
rs10987177	9	128928087	0.0000	0.2150
rs1332311	9	20701305	1.0000	-0.0807
rs10961271	9	13839436	0.0000	0.4144
rs291288	9	10145460	0.0730	-0.6165
rs7866606	9	105585894	1.0000	0.1066
rs666478	9	27173180	0.0000	-0.0473
rs10965875	9	2358639	0.0075	0.0514
rs1231373	9	25755422	0.0000	0.1592
rs10491886	9	28517001	1.0000	-0.0047
rs1250023	9	117869930	0.0000	0.1926
rs4531139	9	25636098	1.0000	-0.0534
rs10817547	9	116751850	0.0000	0.1382
rs1962673	9	104882097	1.0000	-0.2779
rs1444832	9	75307719	1.0000	0.1716
rs12684081	9	96714981	1.0000	-0.0449
rs7032818	9	116512100	0.0000	0.0439
rs10962302	9	16160638	1.0000	-0.0066
rs541805	9	25934932	0.0000	0.1414
rs2779711	9	129956147	1.0000	0.3337
rs10810178	9	14547556	0.0018	-0.0965
rs4841967	9	138219780	1.0000	0.1942
rs7858803	9	1980819	1.0000	0.0454
rs10046801	9	24244259	0.0041	-0.0661
rs6597668	9	133861632	1.0000	-0.0234
rs11140902	9	87845035	0.9992	-0.1010
rs2277202	9	34648020	1.0000	0.0004
rs3860918	9	86038298	1.0000	-0.0198
rs2891071	9	16540987	0.0000	0.1016
rs10119950	9	105175187	0.0000	-0.3739
rs11138885	9	83488864	0.0059	0.0157
rs367395	9	124131512	1.0000	0.5080
rs2770811	9	88738450	0.0000	0.1967
rs2795107	9	75763159	1.0000	0.1303
rs12350335	9	2605023	0.0000	0.1774
rs2039923	9	111598970	1.0000	-0.0170
rs633583	9	27602921	1.0000	-0.1124
rs12000949	9	18495515	0.0000	0.1453
rs10818382	9	122535333	0.0000	0.0482
rs7849509	9	100480125	0.0000	0.0065
rs10961473	9	14312724	0.0000	0.0778
rs1331433	9	89160794	1.0000	-0.0587
rs7021156	9	30955393	1.0000	0.1400
rs3780188	9	139098175	0.0000	-0.0823
rs1890016	9	73493728	0.0000	-0.0608
rs10813415	9	31004169	0.0000	-0.1355
rs2281790	9	114803631	1.0000	0.3206
rs4090221	9	119901378	1.0000	0.0048
rs10814948	9	4368838	0.0000	-0.1304
rs7850913	9	4207680	0.9995	0.0111
rs12004858	9	106053927	0.0000	-0.0547
rs8187873	9	75565508	0.0000	0.3228
rs12553191	9	113281255	0.0000	-0.3816
rs3824477	9	107588328	0.9996	0.1415
rs12350892	9	126253077	0.0000	-0.0155
rs10809865	9	12959188	1.0000	0.0682
rs7035057	9	79518215	1.0000	0.1204
rs6476655	9	37657011	0.0000	0.1479
rs12685159	9	97419146	0.0000	0.2527
rs10811886	9	23322467	0.0000	0.0781
rs10980800	9	113915905	0.0010	-0.0280
rs7861030	9	83000507	1.0000	0.0222
rs2035073	9	93609419	0.0000	0.0781
rs10980857	9	114059341	0.0000	0.2870
rs10811464	9	21076087	0.0000	0.0031
rs10812795	9	28390177	0.0000	-0.0694
rs9409094	9	112488155	0.0000	0.0839
rs2806110	9	120869313	0.0000	-0.0050
rs12351774	9	84445182	0.0000	-0.0513
rs824230	9	28804098	0.0000	-0.1477
rs7046606	9	21149963	0.0000	0.1266
rs7873448	9	126891946	1.0000	0.0123
rs795085	9	78331204	0.9895	-0.1104
rs4741426	9	14747412	0.0000	0.2117
rs7859194	9	139694569	0.0080	0.1804
rs16934439	9	16321578	1.0000	-0.1195
rs16913201	9	28490459	0.0020	0.0970
rs10858194	9	138878949	0.0000	0.0828
rs1611123	9	136509083	0.0000	0.3552
rs7047671	9	83693947	1.0000	-0.0102
rs11559483	9	140283341	1.0000	0.5275
rs2280844	9	131584631	0.0000	0.1291
rs10819861	9	98867813	1.0000	0.5811
rs11791806	9	34633529	0.9922	-0.0222
rs10761113	9	92816727	1.0000	-0.1174
rs3936927	9	31066983	1.0000	-0.0319
rs7857431	9	132529504	0.9906	-0.0541
rs2383733	9	27869510	1.0000	0.1286
rs4837462	9	120410219	0.0000	0.0989
rs2987401	9	134719002	0.0000	0.1199
rs1374177	9	12065319	0.0000	-0.0882
rs1323243	9	1689357	1.0000	0.0866
rs1002095	9	130545950	1.0000	0.0503
rs3118526	9	137337357	0.9968	-0.0839
rs7860446	9	125332930	1.0000	0.0964
rs10814422	9	36647786	0.0000	0.1336
rs1330164	9	23387019	0.0000	-0.0141
rs1547140	9	79123201	0.0000	0.4016
rs7040447	9	115095743	0.9993	-0.2002
rs1328565	9	78266575	1.0000	-0.0543
rs1414096	9	121428389	1.0000	0.1503
rs7868992	9	116991071	0.0049	0.1396
rs3847195	9	133790521	1.0000	0.0853
rs28374197	9	140205269	1.0000	0.3721
rs10511457	9	4394771	0.0000	0.3925
rs17258448	9	34237480	0.0000	0.4674
rs7869377	9	113227531	1.0000	0.0892
rs41421145	9	130612459	0.0000	0.3924
rs16935857	9	18123222	0.0000	0.1591
rs17183242	9	9649668	0.0000	0.0030
rs12006019	9	4215542	1.0000	0.0040
rs10511666	9	18969422	0.0000	-0.1932
rs11140102	9	86071342	1.0000	0.0334
rs12003567	9	9161679	1.0000	0.2007
rs6597547	9	135048889	1.0000	0.2262
rs17277553	9	76970791	0.0140	0.5969
rs4742027	9	4629595	0.9931	0.2446
rs10123247	9	83293714	0.0000	0.2617
rs10812745	9	28152658	1.0000	0.4768
rs11794855	9	2682322	1.0000	0.0070
rs6559502	9	82392719	0.9939	-0.0597
rs10081789	9	25382232	1.0000	0.1575
rs17281564	9	123526731	0.0141	0.2051
rs4743454	9	104010913	1.0000	0.0242
rs4442209	9	78273456	0.0000	0.0256
rs1411987	9	89269078	0.0000	0.0803
rs7874990	9	92852944	0.0000	-0.3107
rs10746796	9	89910813	0.0037	0.0856
rs12685800	9	93793696	0.0000	0.0922
rs2210016	9	74200674	1.0000	-0.0488
rs7024383	9	134141129	1.0000	0.1359
rs9409610	9	94341698	1.0000	0.3835
rs700092	9	125880929	1.0000	0.1274
rs12345723	9	4109656	0.0000	0.2865
rs7032336	9	22799090	1.0000	0.2584
rs2422493	9	107690995	0.0000	0.2193
rs1571837	9	2329724	1.0000	-0.0239
rs1328554	9	78313939	1.0000	0.1703
rs3780226	9	17747173	1.0000	-0.0836
rs7038349	9	6830208	1.0000	0.0569
rs12349215	9	36919993	1.0000	0.1785
rs2810492	9	136923972	1.0000	0.5457
rs1410550	9	83210614	0.0000	0.0428
rs2118168	9	86618233	0.0000	0.0883
rs7036006	9	134430764	0.0000	0.1746
rs11568418	9	86907624	0.0000	0.0958
rs10972203	9	34708899	0.0000	0.3259
rs1503372	9	132649662	1.0000	-0.1738
rs12683728	9	135592024	1.0000	-0.0427
rs480554	9	138567059	0.0000	0.0315
rs1376141	9	23887854	0.0000	0.1872
rs7873440	9	37752947	0.9995	-0.1632
rs7027419	9	107485577	0.0000	0.4164
rs10781262	9	77650696	0.0000	0.0776
rs505442	9	129117662	1.0000	-0.0734
rs7033431	9	106013174	0.0000	-0.3060
rs7047872	9	37406391	1.0000	0.2773
rs16906813	9	121000642	1.0000	-0.0780
rs4741495	9	15384135	0.0045	0.0960
rs10985274	9	124259751	0.0000	0.0570
rs4745437	9	78308057	1.0000	0.0156
rs7035689	9	80561672	0.9959	-0.1540
rs7030498	9	74599651	0.0000	0.0895
rs10868257	9	87761907	0.0000	-0.0334
rs17060609	9	77513590	0.0000	-0.0195
rs4642724	9	122481907	1.0000	0.0135
rs10982490	9	117768771	0.0000	0.1962
rs17433024	9	131765214	1.0000	0.0315
rs4961479	9	16354862	0.0000	0.2148
rs4543592	9	3014254	0.0000	0.3357
rs4880055	9	139487092	0.0050	-0.0126
rs10756494	9	13759929	0.0288	0.1918
rs1778170	9	17967886	0.9858	0.0797
rs2313200	9	133429006	1.0000	0.3152
rs12684785	9	15942554	0.0000	0.2477
rs943856	9	90370511	0.9986	-0.1160
rs1461333	9	24946349	0.0000	0.1684
rs4838051	9	126116865	0.9871	0.0237
rs7031120	9	88669475	0.0000	0.0602
rs4979208	9	115783589	1.0000	-0.0264
rs6476962	9	5324922	1.0000	0.3086
rs10120878	9	112717505	0.0000	0.0962
rs10125876	9	93667894	0.0000	0.1498
rs1022749	9	104595776	0.0000	-0.2924
rs8187876	9	75564954	1.0000	0.0873
rs4878073	9	90004329	1.0000	0.0683
rs881676	9	133891847	0.0000	0.0735
rs10812206	9	25233401	0.0000	0.0126
rs16911136	9	27184714	1.0000	-0.1214
rs7037099	9	13979872	1.0000	0.0246
rs7019752	9	139823670	1.0000	-0.0117
rs17221008	9	132906486	0.0000	0.2837
rs35256772	9	75809082	0.8882	0.3435
rs2070074	9	34649442	0.0000	0.1283
rs6475913	9	26549553	1.0000	-0.0814
rs10982171	9	117099995	0.0000	0.0978
rs1410856	9	93033040	1.0000	-0.1872
rs817827	9	110156279	1.0000	-0.0101
rs4841875	9	138355370	1.0000	0.2150
rs2253885	9	72027018	0.9998	-0.1988
rs549493	9	120277096	1.0000	0.0529
rs4961707	9	16350160	1.0000	-0.0639
rs7848345	9	112508976	0.0000	0.0620
rs10960773	9	1282293	1.0000	0.1353
rs290991	9	93561450	1.0000	-0.0660
rs12553743	9	112097738	0.0000	0.0737
rs10976678	9	7935323	1.0000	-0.0052
rs10819510	9	132155664	0.9967	0.0676
rs11140009	9	85910642	0.0000	0.2143
rs7021898	9	110473283	0.9913	-0.0391
rs12336313	9	92191274	1.0000	0.0871
rs12555385	9	122254248	1.0000	-0.0404
rs12006188	9	17406619	1.0000	-0.1059
rs11144502	9	78207219	0.0000	0.0342
rs10733333	9	16903446	0.0000	0.5090
rs10986727	9	128137615	1.0000	0.1733
rs2275405	9	129851194	1.0000	0.1471
rs13286028	9	100192986	1.0000	0.3175
rs2370197	9	776349	0.0056	0.1474
rs10821577	9	136460220	1.0000	0.0384
rs1857469	9	83065765	0.0000	0.0125
rs4744520	9	93663201	1.0000	-0.1322
rs2510245	9	136571089	0.0000	-0.0625
rs1048251	9	127910498	0.0000	0.1348
rs2039461	9	20145988	1.0000	0.1950
rs10811214	9	19586463	1.0000	0.1539
rs7029743	9	110691158	1.0000	-0.1060
rs10820241	9	105464554	0.0154	0.0788
rs7032817	9	27133385	0.0000	0.4865
rs3802364	9	130166957	0.9983	0.3273
rs1331250	9	32191942	0.0000	0.0547
rs17471115	9	2270173	0.0060	0.0069
rs7037023	9	9853357	0.0000	0.2542
rs4742351	9	7489720	1.0000	0.1109
rs10870004	9	80618079	1.0000	0.1952
rs10984984	9	123463476	1.0000	0.3588
rs932883	9	23686123	0.0073	0.1813
rs12345793	9	114191098	0.0000	0.0171
rs10986694	9	128064673	0.0000	-0.0194
rs17419694	9	120196215	0.0000	0.0924
rs7862526	9	8106282	0.0000	0.0104
rs2026152	9	125063820	0.9970	-0.0892
rs10812126	9	2499251	0.0000	0.1673
rs7034453	9	111547669	1.0000	0.0454
rs7850733	9	26210141	0.0000	0.0382
rs2031380	9	122023574	1.0000	-0.1094
rs584985	9	124397290	0.0000	-0.0418
rs10985793	9	125606191	0.0000	0.0427
rs7028791	9	113240481	0.0000	0.1177
rs10993751	9	93662641	0.0024	0.0524
rs10976763	9	8093826	0.0000	0.1201
rs10759690	9	117066467	0.0000	-0.0018
rs12345318	9	82429923	0.0000	0.0604
rs2818326	9	121724759	1.0000	-0.0210
rs1040870	9	85415537	1.0000	-0.0963
rs2416686	9	121529204	1.0000	0.1067
rs7862814	9	85736106	0.0000	0.2086
rs1368684	9	8924538	1.0000	0.0238
rs498275	9	107791702	1.0000	0.2512
rs10448215	9	2320311	1.0000	0.0928
rs2073933	9	136305275	0.0000	0.0805
rs10979152	9	99579100	1.0000	-0.0704
rs2740485	9	107548493	1.0000	0.0259
rs10514837	9	121839928	0.0000	0.0950
rs1800651	9	71651605	0.0000	0.0890
rs1407394	9	112398477	1.0000	0.0352
rs10759679	9	116790511	1.0000	0.0572
rs10981208	9	114777275	1.0000	0.1374
rs7035046	9	23407386	1.0000	0.1566
rs1475057	9	119261166	0.0000	0.0658
rs16926992	9	1294588	0.0000	-0.0554
rs10813211	9	29976426	0.9918	0.1545
rs4842047	9	138816796	1.0000	-0.0414
rs4879572	9	27570051	1.0000	0.1333
rs17751300	9	115669613	0.0000	0.0045
rs17060535	9	77423730	1.0000	0.0116
rs10818297	9	122070829	0.9984	0.0637
rs2519454	9	20625228	1.0000	0.6146
rs12115490	9	92853543	1.0000	-0.0758
rs16911522	9	99521123	0.0000	-0.0232
rs17369029	9	745289	0.0000	0.1925
