chr	start	end	nMajor	nMinor	nAraw	nBraw	cn	loh
chr1	0	71830161	3	0	3.31941488535299	0	3	1
chr1	71840078	75589581	2	0	1.8814816548716	0	2	1
chr1	75593875	102259707	2	0	2.19437257397073	0	2	1
chr1	102260272	107865978	2	0	1.85823642135014	0	2	1
chr1	107868724	121346616	2	0	2.36122718289453	0	2	1
chr1	143343508	153901302	3	1	2.58792272361985	0.668010665307227	4	0
chr1	153903049	155940948	3	1	3.14440560024331	0.732209599520454	4	0
chr1	155947875	249218992	3	0	3.22483642020705	0.0156227730646367	3	1
chr2	0	8501908	2	1	2.13563767276647	0.964944777648592	3	0
chr2	8507486	10616214	2	1	2.43773176534657	1.11749102013862	3	0
chr2	10617598	12381269	2	1	2.32542837764987	1.07071570754051	3	0
chr2	12384394	19958008	2	1	2.1399808546269	0.963432476498547	3	0
chr2	19961624	21233972	2	1	2.3572451845535	1.0709362319215	3	0
chr2	21235475	23135466	2	1	2.02833256803702	0.913073350347747	3	0
chr2	23148411	24689512	2	1	2.23834514786997	0.997525681095343	3	0
chr2	24692010	29068882	2	1	2.42784640698541	1.12179529561301	3	0
chr2	29069551	34103546	2	1	2.29366861421669	1.03617521911099	3	0
chr2	34103843	36123261	2	1	2.09035197344782	0.917415510644335	3	0
chr2	36123717	39777931	2	1	2.48273569820527	1.12952986348979	3	0
chr2	39778109	42090039	2	1	2.27625329862705	1.00799765985994	3	0
chr2	42090563	48185303	2	1	2.38045795336458	1.09439489976633	3	0
chr2	48196989	49359676	2	1	2.21299969270339	0.973616090885576	3	0
chr2	49362676	54089857	2	1	2.06448394180158	0.879728014442408	3	0
chr2	54091688	56335979	2	1	2.42254203141917	1.11016793154355	3	0
chr2	56336173	60627565	2	1	2.15221969716347	0.934919933438138	3	0
chr2	60633364	65762704	2	1	2.3760343352581	1.08173522017567	3	0
chr2	65765212	68583528	2	1	2.18787400996539	0.997041885879223	3	0
chr2	68585819	76509639	2	1	2.36279323199807	1.0777770182333	3	0
chr2	76509738	84536960	2	1	2.04738119771686	0.900440643777883	3	0
chr2	84537078	86647363	2	1	2.45244656184202	1.09022195769842	3	0
chr2	86649747	103256547	2	1	2.31146801119145	1.04046117198708	3	0
chr2	103257149	105578331	2	1	2.1300037780047	0.963748515706772	3	0
chr2	105589679	106509907	2	1	2.43959093985423	1.13206084606787	3	0
chr2	106511846	108911809	2	1	2.24532347238118	0.980724608000288	3	0
chr2	108912673	114096780	2	1	2.40582474182255	1.09073994206487	3	0
chr2	114099346	115720896	2	1	2.18012210137307	0.979012748186482	3	0
chr2	115721233	118355754	2	1	2.0751098774285	0.866139564500021	3	0
chr2	118356291	123900548	2	1	2.24884037384125	0.996283253120304	3	0
chr2	123908725	124740888	2	1	2.20524654158395	0.828250939490459	3	0
chr2	124741766	127441158	2	1	2.07043125248808	0.915247823181231	3	0
chr2	127441605	128822702	2	1	2.36119428299321	1.10768045886901	3	0
chr2	128822741	130643612	2	1	2.1788844872994	0.933419138087208	3	0
chr2	130645159	136950383	2	1	2.31106571064468	1.00035312974554	3	0
chr2	136956733	148503783	2	1	2.13369128415615	0.929514592869382	3	0
chr2	148505544	153587296	2	1	2.30906854786142	1.03888114246213	3	0
chr2	153593671	159058795	2	1	2.13519697949894	0.933068787924026	3	0
chr2	159059679	161246317	2	1	2.36557021060998	1.06559937566575	3	0
chr2	161265099	168896548	2	1	2.17611084876786	0.975269371325928	3	0
chr2	168901077	179390647	2	1	2.33845097068234	1.06602493179194	3	0
chr2	179393111	181550896	2	1	2.16335266149528	0.974601658740114	3	0
chr2	181572460	184495461	2	1	2.35980462179726	1.02370681710319	3	0
chr2	184499725	189139485	2	1	2.15376014720981	0.944921940009772	3	0
chr2	189154515	198969583	2	1	2.3350610723044	1.02609508164759	3	0
chr2	198977821	201240305	2	1	2.17960169435501	1.00113439224176	3	0
chr2	201241967	204711588	2	1	2.4727870939097	1.10624073571342	3	0
chr2	204718729	207965189	2	1	2.30184304197928	1.028775427571	3	0
chr2	207965794	208985903	2	1	2.42835148703318	1.07829154164032	3	0
chr2	208986049	216129158	2	1	2.12063609739387	0.894665328854396	3	0
chr2	216130934	221191009	2	1	2.33371719119663	1.08289652585698	3	0
chr2	221197071	223156587	2	1	2.10202035806659	0.905228373199611	3	0
chr2	223158039	228925600	2	1	2.3030394179673	1.03728661880375	3	0
chr2	228925898	230439721	2	1	2.13992445744367	0.929171550232403	3	0
chr2	230451886	239102856	2	1	2.3593144286592	1.06431334197155	3	0
chr2	239113794	242445336	2	1	2.27915191834116	1.01435096767222	3	0
chr2	242448642	243048760	3	1	2.69082835884119	1.24903775742356	4	0
chr3	0	79339590	2	0	2.25137236472253	0	2	1
chr3	79354187	84157105	2	0	1.79755796185579	0.0876016896743861	2	1
chr3	84182782	86749427	2	1	2.11099148183113	0.835180163801949	3	0
chr3	86752414	87527204	2	1	2.27968913323646	0.978060733892227	3	0
chr3	87528312	97729328	2	1	2.02842781030087	0.899585371518684	3	0
chr3	97739149	102174089	2	1	2.37027958598135	1.06617337794488	3	0
chr3	102176125	104266905	2	1	2.08665569202891	0.915494682707245	3	0
chr3	104269250	108707698	2	1	2.23792390676095	0.990573666170191	3	0
chr3	108714045	111240427	2	1	2.09469593450573	0.906202381931758	3	0
chr3	111253819	111780741	2	1	2.48656409806385	1.12986233605056	3	0
chr3	111781799	116321494	2	1	2.33094764933388	1.0188037090043	3	0
chr3	116322626	118687082	2	1	2.12452994194943	0.934785675133443	3	0
chr3	118688424	139027710	2	1	2.29995621581497	1.02622352939814	3	0
chr3	139028722	140769896	2	1	2.17338382392128	0.96958476968379	3	0
chr3	140770584	143389999	2	1	2.34009720180502	1.04008769585536	3	0
chr3	143391126	145503335	2	1	2.06603576917052	0.873164567720452	3	0
chr3	145504317	148554759	2	1	2.21250871221963	0.972155245051557	3	0
chr3	148558051	151342245	2	1	2.4127648292223	1.09567671899449	3	0
chr3	151345293	151929158	3	2	2.27443110166806	2.27443110166806	5	0
chr3	151933378	155301264	2	1	2.18231215108292	1.02884130557161	3	0
chr3	155306781	160892973	2	2	2.0707340166012	2.0707340166012	4	0
chr3	160897701	168338128	2	2	1.92062149407432	1.92062149407432	4	0
chr3	168341985	173420348	2	2	2.07284654922346	2.07284654922346	4	0
chr3	173422417	182130495	2	2	1.91775368405427	1.91775368405427	4	0
chr3	182132052	183558402	2	2	1.99425136942856	1.99425136942856	4	0
chr3	183562276	193809078	2	1	2.30511318457211	1.03592729922417	3	0
chr3	193811162	197838262	2	1	2.43847452071963	1.10852356577327	3	0
chr4	0	924280	2	1	2.16196638028376	1.0238782625724	3	0
chr4	925149	2316874	3	1	2.52484030217305	1.18228804933741	4	0
chr4	2324865	8678693	2	1	2.33517034349069	1.0704670802648	3	0
chr4	8681538	15045896	2	1	2.11788042303554	0.934382970249537	3	0
chr4	15051670	15516389	2	1	2.40834440296407	0.948069045040942	3	0
chr4	15518357	16261094	2	1	2.33592373169357	1.09618479830123	3	0
chr4	16268263	23626018	2	1	2.10808181837812	0.964788079082738	3	0
chr4	23631034	27362740	2	1	2.2638314591594	1.02922873390227	3	0
chr4	27367496	36007857	2	1	2.0613288553728	0.907663844289446	3	0
chr4	36011362	36983307	2	2	1.98054761305499	1.51081142426813	4	0
chr4	36991491	37752668	2	1	2.19387510035678	0.979868840384699	3	0
chr4	37754104	41889237	2	1	2.42417242317486	1.09046768650714	3	0
chr4	41889667	44976703	2	1	2.11186550080183	0.975280206887818	3	0
chr4	44982038	45795895	2	1	1.9898153966729	0.86521233585459	3	0
chr4	45800337	49067067	2	1	2.2697275668542	1.00496146794635	3	0
chr4	49091782	84779091	2	0	2.0875863624171	0	2	1
chr4	84779231	84831724	2	1	2.36320484694874	0.994413354043423	3	0
chr4	84837046	88552784	2	0	1.68975052912088	0.471972547448254	2	1
chr4	88553414	91046719	2	1	2.31525999206315	1.00844127132738	3	0
chr4	91069888	100126987	1	1	1.48851105751574	0.55033187748322	2	0
chr4	100127138	100571001	2	1	2.38232594831363	0.935585910056305	3	0
chr4	100580702	111324997	2	0	2.04265022259807	0.0751052591823659	2	1
chr4	111335604	178891411	2	0	2.060127046611	0	2	1
chr4	178910307	179119001	1	0	0.683796786013969	0	1	1
chr4	179125887	180714806	0	0	0.469505508522319	0	0	1
chr4	180715010	180774423	1	0	0.98654728236216	0	1	1
chr4	180787794	181215806	2	0	1.63220867516541	0	2	1
chr4	181221012	181265740	0	0	0.343664107561565	0	0	1
chr4	181266001	181888903	1	0	1.24734937220824	0	1	1
chr4	181892753	190915650	2	0	2.20324603588514	0	2	1
chr5	0	2123985	2	2	1.90800034488835	1.90800034488835	4	0
chr5	2129233	3715708	2	2	1.77115746583627	1.77115746583627	4	0
chr5	3717009	8906784	2	2	1.92308845629509	1.92308845629509	4	0
chr5	8908886	61926784	2	2	2.00104871461994	2.00104871461994	4	0
chr5	61941043	63850157	2	2	1.86476846782017	1.86476846782017	4	0
chr5	63851332	65503947	3	2	2.28132230669397	2.28132230669397	5	0
chr5	65519426	72541096	2	2	1.99287148738505	1.99287148738505	4	0
chr5	72546478	77134589	2	2	2.08695892140393	2.08695892140393	4	0
chr5	77140099	97212004	2	2	2.01717199190323	2.01717199190323	4	0
chr5	97213399	103515006	2	2	1.95093507688176	1.95093507688176	4	0
chr5	103519842	151049404	2	2	1.98799337821269	1.98799337821269	4	0
chr5	151054227	172038164	2	2	1.91880728627111	1.91880728627111	4	0
chr5	172040365	172717383	2	2	2.07372902488058	2.07372902488058	4	0
chr5	172719020	180693127	2	2	1.93247760082624	1.93247760082624	4	0
chr6	0	45985462	2	0	2.39771919933339	0	2	1
chr6	45987653	124442286	2	0	2.09388674154745	0	2	1
chr6	124443660	132005531	2	0	2.1052301474935	0.173351790700975	2	1
chr6	132012886	137295402	2	1	1.74577063001226	0.528316289071881	3	0
chr6	137306563	137439066	2	1	2.45037623026004	1.08240763788265	3	0
chr6	137440289	139990860	2	2	2.04933712388747	2.04933712388747	4	0
chr6	139995603	140481754	2	1	2.13053278223794	1.07569211292573	3	0
chr6	140526197	141827882	2	1	1.97547930219116	1.40094802770125	3	0
chr6	141848595	142557418	2	1	1.97711523823183	0.977725988085606	3	0
chr6	142560307	147001409	2	1	1.39464198632126	1.39464198632126	3	0
chr6	147002401	151868835	1	1	1.41570932694252	1.00866593542899	2	0
chr6	151869219	170919470	2	0	1.9126092497473	0.310097220434222	2	1
chr7	0	2927572	2	1	2.29203179655603	1.33245923846228	3	0
chr7	2929822	5215853	2	1	2.19489680163819	1.23261166381521	3	0
chr7	5220675	6587526	2	1	2.44134140136592	1.41813389982755	3	0
chr7	6591796	8595389	2	1	2.13172400309956	1.22664187053162	3	0
chr7	8597116	10902381	2	1	1.99069836925187	1.07359579636384	3	0
chr7	10904752	16351568	2	1	2.09623764055184	1.18076538127859	3	0
chr7	16351845	18224597	2	1	2.34121166477685	1.31209901120002	3	0
chr7	18233458	21888238	2	1	2.15040094192421	1.20725331866244	3	0
chr7	21891451	32796927	2	1	2.23965580957409	1.27363664435345	3	0
chr7	32800975	41662627	2	1	2.13195974216077	1.22065524088681	3	0
chr7	41663805	48407217	2	1	2.23775340950001	1.2803169041257	3	0
chr7	48420261	54683509	2	1	2.03338306232031	1.16831088109895	3	0
chr7	54687869	56104539	2	1	2.28562222812133	1.30411463364454	3	0
chr7	56106397	61074194	2	1	1.98701776858651	1.07506429674424	3	0
chr7	61747794	62504090	1	1	1.44929408737911	0.739414016014742	2	0
chr7	62510311	72276703	2	1	2.0971626022875	1.17426288392771	3	0
chr7	72283565	84578002	2	1	2.26884875884929	1.25200335009327	3	0
chr7	84591966	98360639	2	1	2.15745149302233	1.20812755342367	3	0
chr7	98361817	108342068	2	1	2.3142227219214	1.2821863280345	3	0
chr7	108342256	115544763	2	1	2.08694156888035	1.17721560755231	3	0
chr7	115546486	117059654	2	1	2.42424457513001	1.32837803135619	3	0
chr7	117061021	127841020	2	1	2.07303288190364	1.15431025458772	3	0
chr7	127841769	131190696	2	1	2.35200258477632	1.32749213392781	3	0
chr7	131191461	135336264	2	1	2.18931648209499	1.25032602139053	3	0
chr7	135339017	143716598	2	1	2.15101218317225	1.2287838088974	3	0
chr7	143718543	148176490	2	1	2.04297450174955	1.17341160646222	3	0
chr7	148176513	150755173	2	1	2.19916806901981	1.2765286801936	3	0
chr7	150755839	152262508	2	1	2.34504029204494	1.36555751660902	3	0
chr7	152269523	155105274	2	1	2.01410405758075	1.16553884039697	3	0
chr7	155124428	159119486	2	1	2.14269284849798	1.22386568983786	3	0
chr8	0	14997611	2	0	2.14908552867532	0.0238825147406795	2	1
chr8	14999256	15034948	1	0	0.851207265836404	0	1	1
chr8	15035322	16841292	2	0	2.1112140586721	0.0177231698227167	2	1
chr8	16842573	22084653	2	1	1.78370065120969	0.65712047526449	3	0
chr8	22084783	22932122	2	1	2.45172742421285	1.09006949296459	3	0
chr8	22944695	32363288	2	1	1.7244225458531	0.703857883730689	3	0
chr8	32364970	32537908	1	0	0.826967315464558	0	1	1
chr8	32539327	37657526	2	1	1.71702286273935	0.700031670656731	3	0
chr8	37660948	65186616	2	1	1.64387741926362	0.534958742072185	3	0
chr8	65191812	67257751	2	1	2.16835505154431	0.908635741473639	3	0
chr8	67260472	67638069	3	1	2.61314703626208	1.26277601775587	4	0
chr8	67649681	74371001	2	1	2.2031285636384	0.971749285961915	3	0
chr8	74372696	77366932	2	2	2.01457862494374	2.01457862494374	4	0
chr8	77373304	79940353	2	1	2.08221853010049	0.966755484117928	3	0
chr8	79954121	81981261	2	1	2.30395415696203	1.02421697704478	3	0
chr8	81982892	88561571	2	1	2.06482244834543	0.912816136808768	3	0
chr8	88574333	94918414	2	2	2.00636182301167	2.00636182301167	4	0
chr8	94922985	99166896	2	1	2.31902821795948	1.04449444876504	3	0
chr8	99168383	104950095	2	2	2.07206173747579	2.07206173747579	4	0
chr8	104956705	108329796	2	1	2.31238730469781	1.02099549645563	3	0
chr8	108332485	117122598	2	1	2.11127803024845	0.915478153739958	3	0
chr8	117128202	118365292	2	2	2.06104001527485	2.06104001527485	4	0
chr8	118366317	119167509	3	2	2.83442470817756	1.99560150124191	5	0
chr8	119167532	121259936	2	2	2.0656359398044	2.0656359398044	4	0
chr8	121262775	121353416	3	2	2.87263575338111	1.93527181814685	5	0
chr8	121353651	122674244	2	2	2.05794571394866	2.05794571394866	4	0
chr8	122679098	122875056	2	1	2.03180133197093	1.18626225280974	3	0
chr8	122876201	123511247	2	2	1.96745060807377	1.96745060807377	4	0
chr8	123511652	123752195	2	1	2.13095316576876	0.993139767927379	3	0
chr8	123755268	126761402	3	2	2.86114994812692	1.74923710557544	5	0
chr8	126763557	128531028	3	2	3.4700951207799	1.63047649509107	5	0
chr8	128545383	129018813	3	1	3.4558733795519	0.787655979932822	4	0
chr8	129022078	131298985	4	1	3.919769284216	0.825171069207502	5	0
chr8	131300036	139186240	3	1	3.02283585470687	0.846356934756735	4	0
chr8	139188250	140922699	3	1	3.45665311829094	0.723741530982922	4	0
chr8	140924076	141275157	3	2	3.12152000505712	1.60708420773314	5	0
chr8	141280413	142537715	3	2	2.97477764654504	2.11400882632239	5	0
chr8	142537934	144396396	2	2	2.49500829641973	1.64731259193226	4	0
chr8	144401846	146293414	3	2	2.91517794192801	2.02321096114348	5	0
chr9	0	4139276	2	2	1.92841591237498	1.92841591237498	4	0
chr9	4143590	6064103	2	2	2.09013284017905	2.09013284017905	4	0
chr9	6067122	21157373	2	2	1.96783875647724	1.96783875647724	4	0
chr9	21157695	21944317	2	2	2.15652531598257	2.15652531598257	4	0
chr9	21944818	24097219	2	1	2.27065965376244	0.990364606896557	3	0
chr9	24102399	25471466	2	1	1.98676526903155	0.915120955958999	3	0
chr9	25472081	32397920	2	1	2.12365899356476	0.91573856655626	3	0
chr9	32398234	46386250	2	1	2.38541040589846	1.08628411910516	3	0
chr9	65620187	141066491	0	3	0.0369163263139631	3.21755225199588	3	1
chr10	0	54945433	2	0	2.31291483018474	0	2	1
chr10	54950997	69005693	2	0	2.04173992201484	0	2	1
chr10	69005799	135477883	2	0	2.34798536650671	0	2	1
chr11	0	14058278	2	1	1.34071076789953	1.34071076789953	3	0
chr11	14066486	14910273	2	2	2.23048462238133	2.23048462238133	4	0
chr11	14912417	16686989	2	2	1.82086065701904	1.82086065701904	4	0
chr11	16691743	48166267	2	0	2.20818724389829	0	2	1
chr11	48172365	51193615	2	0	1.92229113209054	0.0273702831953519	2	1
chr11	51205162	55196302	2	1	1.88437033800108	0.642338025771969	3	0
chr11	55196954	61145804	2	1	2.19591490156871	0.977814715796519	3	0
chr11	61152630	65382564	2	1	2.41367653638039	1.10011657746612	3	0
chr11	65386206	65649002	3	1	2.70284527230334	1.28757312468896	4	0
chr11	65649774	72475232	2	1	2.32259724884696	1.07484258470163	3	0
chr11	72478937	75733418	2	1	2.39620561211023	1.12143197737219	3	0
chr11	75740314	77292091	1	1	1.21690267992249	1.21690267992249	2	0
chr11	77300048	77777640	2	1	2.45461141885379	1.18130482930993	3	0
chr11	77785836	81030422	2	1	2.16324143615747	0.95921764513038	3	0
chr11	81030830	82401684	2	1	2.00793335118493	0.886472589718306	3	0
chr11	82405181	83204454	2	1	2.42035632955786	1.10626601592701	3	0
chr11	83210161	85398187	2	1	2.1075758243677	0.936119683516383	3	0
chr11	85400063	86836648	2	1	2.48276915357494	1.11034223755572	3	0
chr11	86839381	87007030	4	1	3.64974028420897	0.949639182270981	5	0
chr11	87013438	96843354	3	1	3.18044463288674	0.895610495637811	4	0
chr11	96845364	101616696	3	1	3.11936750896376	0.837833527808476	4	0
chr11	101621924	103427568	3	1	3.29437520093037	0.967654487658042	4	0
chr11	103429644	108004687	3	1	3.11035240924768	0.867034210953617	4	0
chr11	108004798	134934063	2	1	2.23985802810888	1.01842305741204	3	0
chr12	0	12558065	3	1	2.6573102201282	0.68311677060154	4	0
chr12	12577950	17339078	1	0	0.813969187630117	0.203727467100395	1	1
chr12	17340780	24598488	2	1	2.1645324273567	0.940427750200235	3	0
chr12	24599005	28506506	2	1	2.34014821387756	1.05169521659731	3	0
chr12	28536817	30678001	4	1	3.90367473784328	0.824303523960034	5	0
chr12	30687243	33062023	2	1	2.34366065774844	1.05207548522636	3	0
chr12	33064825	33181226	3	1	3.2187340259435	0.965045980792741	4	0
chr12	33184590	34642579	4	1	3.84682718167032	0.764355145465104	5	0
chr12	34685375	67101940	3	1	2.78462682644843	0.520014371370916	4	0
chr12	67104446	72628575	3	1	2.84451185732956	0.795521636933782	4	0
chr12	72633773	75452752	1	1	1.06464996585266	0.731306456845421	2	0
chr12	75458164	76154607	1	1	1.19239265215417	1.19239265215417	2	0
chr12	76159762	77700750	1	0	0.751959572150673	0.180736571690419	1	1
chr12	77705657	77873254	2	0	2.25582837170834	0.211269680000252	2	1
chr12	77880974	83585058	1	0	0.713732038109383	0	1	1
chr12	83585374	87945250	1	0	0.503022385284914	0	1	1
chr12	87946488	133777645	3	0	3.243853383953	0	3	1
chr13	0	0	2	0	2.33656338532713	0	2	1
chr13	19058717	53929144	2	0	2.29095882392487	0	2	1
chr13	53930811	93798372	2	0	1.89230029349039	0	2	1
chr13	93800114	115103529	2	0	2.27156017316703	0	2	1
chr14	0	0	2	0	2.12805105046373	0	2	1
chr14	19255726	21458619	2	1	2.16340045358831	1.14030435750145	3	0
chr14	21466781	22692095	1	1	1.21161150880232	1.21161150880232	2	0
chr14	22694926	22972986	2	1	1.43844328582726	1.43844328582726	3	0
chr14	22974256	25109761	2	1	1.28580643061736	1.28580643061736	3	0
chr14	25110067	26203387	1	1	1.03328905610435	1.03328905610435	2	0
chr14	26208019	30780316	1	1	1.1329008865035	0.786726340407114	2	0
chr14	30780729	34200151	1	1	1.12634926269227	1.12634926269227	2	0
chr14	34203338	36597163	1	1	1.20994791756626	1.20994791756626	2	0
chr14	36609678	40618165	1	1	1.0668882455216	1.0668882455216	2	0
chr14	40623598	44759040	1	1	1.00665114323483	0.695338121792694	2	0
chr14	44760381	49378248	1	1	0.934124306578183	0.934124306578183	2	0
chr14	49384358	49851657	1	1	1.04959258536915	1.04959258536915	2	0
chr14	49873759	52584072	2	1	1.27215748448516	1.27215748448516	3	0
chr14	52590539	61558713	1	1	1.1526313401038	1.1526313401038	2	0
chr14	61565793	62627546	2	1	1.26149942151498	1.26149942151498	3	0
chr14	62627780	64561324	1	1	1.08521098622746	1.08521098622746	2	0
chr14	64562195	65535189	2	1	1.30185321738628	1.30185321738628	3	0
chr14	65536062	67958372	1	1	1.13392430814438	1.13392430814438	2	0
chr14	67959100	70234306	2	1	1.29531575968912	1.29531575968912	3	0
chr14	70235741	72855939	1	1	1.1413756248594	1.1413756248594	2	0
chr14	72860859	78200585	2	1	1.26507851132662	1.26507851132662	3	0
chr14	78219285	82209549	1	1	1.12525141656194	1.12525141656194	2	0
chr14	82210340	88647222	1	1	0.948371747359803	0.948371747359803	2	0
chr14	88647568	97294197	1	1	1.18714086699863	1.18714086699863	2	0
chr14	97294935	99368471	1	1	1.07773701227536	1.07773701227536	2	0
chr14	99368701	107124500	2	1	1.28168897356103	1.28168897356103	3	0
chr14	107139502	107287663	1	1	0.945852063292058	0.945852063292058	2	0
chr15	0	0	4	0	3.88162693154358	0	4	1
chr15	20071673	29654085	2	2	1.89908754238516	1.89908754238516	4	0
chr15	29662356	29719284	3	2	2.45021159545791	2.45021159545791	5	0
chr15	29720356	36220253	2	2	2.03930645815081	2.03930645815081	4	0
chr15	36229265	102461162	2	0	2.38744766651086	0	2	1
chr16	0	757166	3	2	2.25574833926057	2.25574833926057	5	0
chr16	757459	5440759	2	2	2.11976217140854	2.11976217140854	4	0
chr16	5441411	5856462	2	2	1.83092907427292	1.83092907427292	4	0
chr16	5862420	8553132	2	2	2.49854777097283	1.65617858295011	4	0
chr16	8558352	11348461	3	2	3.15033199005075	1.55166720309632	5	0
chr16	11350965	11650325	3	2	2.71909877936952	1.69597334050283	5	0
chr16	11660702	12335651	3	2	3.28935274664749	1.66260243998791	5	0
chr16	12342674	12860232	3	1	3.43796558752596	1.29739177190181	4	0
chr16	12862007	25153402	2	1	2.14675762268151	0.856322521119022	3	0
chr16	25169839	26159716	2	2	1.90803094501374	1.90803094501374	4	0
chr16	26166531	30089438	3	2	2.52659778347219	1.74330049814278	5	0
chr16	30095236	31936095	4	2	3.74485484256801	1.60660601486012	6	0
chr16	31936942	35285582	2	0	1.95604524505679	0	2	1
chr16	46450037	51796479	2	1	1.58661215084458	0.813253243764843	3	0
chr16	51803225	51813861	3	2	2.97784002634083	1.65985044195312	5	0
chr16	51819189	53283668	3	2	3.20463293617677	1.65816920406552	5	0
chr16	53283966	53440786	3	2	2.78261620558315	2.03300722086366	5	0
chr16	53449064	54527384	2	2	1.90819575920109	1.90819575920109	4	0
chr16	54527795	56351707	3	2	2.607172917287	1.71285326374231	5	0
chr16	56352905	60687388	3	2	2.80703159216142	1.83640787430046	5	0
chr16	60693188	61686281	2	2	1.91330155603842	1.91330155603842	4	0
chr16	61686399	70896033	1	1	1.49513587616492	0.81463279197154	2	0
chr16	70901510	90163275	2	0	2.44982172845397	0	2	1
chr17	0	31317698	2	0	2.47284975164507	0	2	1
chr17	31318829	36480609	2	0	2.23947651036441	0.163951690015236	2	1
chr17	36481986	40261545	2	1	1.54868055816869	1.10390185654885	3	0
chr17	40262472	49613785	2	2	2.0753122456033	2.0753122456033	4	0
chr17	49615967	54885087	2	2	1.87950572607849	1.87950572607849	4	0
chr17	54902055	70715657	2	2	2.03423641144677	2.03423641144677	4	0
chr17	70716034	71426670	3	2	2.67135658638459	1.77821411537119	5	0
chr17	71429776	72457381	3	2	2.5603147523221	1.59831533054126	5	0
chr17	72458135	76530293	3	2	2.90416651764651	1.7840746279745	5	0
chr17	76531614	79065650	3	2	2.69006213092687	1.78369107929391	5	0
chr17	79079293	81051007	3	2	3.01542850671394	1.88387963550339	5	0
chr18	0	2522640	2	1	2.28681256382728	1.00808316845556	3	0
chr18	2527968	3824312	2	1	2.3897880341384	1.11978694665463	3	0
chr18	3825114	5241170	2	1	2.16832647992721	0.932204280444396	3	0
chr18	5243540	8549565	2	1	2.26468123592944	1.01425583224042	3	0
chr18	8549844	8767839	2	1	2.49354868791283	0.99587482641738	3	0
chr18	8769263	9785042	3	1	2.51574778129999	1.09706797859442	4	0
chr18	9786265	14031987	2	1	1.87256736544779	0.774879331343253	3	0
chr18	14051106	22426731	2	1	1.94000015371095	0.532547490016275	3	0
chr18	22430986	42034245	2	0	2.0446702258986	0	2	1
chr18	42039010	78015180	2	0	2.21546399664362	0	2	1
chr19	0	16437089	2	1	1.31090062115157	1.31090062115157	3	0
chr19	16438661	20141944	2	2	2.04055124864938	2.04055124864938	4	0
chr19	20150247	21080307	2	1	1.82319728026438	0.988896099068576	3	0
chr19	21083947	28637200	2	1	2.02516870341025	0.882550445286034	3	0
chr19	28637480	33130529	2	1	2.21221794689127	1.00688430244171	3	0
chr19	33131336	34271659	2	2	2.03786835144567	2.03786835144567	4	0
chr19	34271918	34985455	3	2	3.4768949713912	1.80603419586005	5	0
chr19	34985466	36856251	4	1	3.57625201071778	1.39078532244402	5	0
chr19	36856379	37039069	5	2	5.14180101938913	1.94300924620556	7	0
chr19	37047472	37484649	4	2	3.81009223160705	1.59082761785504	6	0
chr19	37490376	38319897	2	2	2.31899282611068	1.55216348560465	4	0
chr19	38320814	39433299	2	1	2.31399112302803	1.11232771709568	3	0
chr19	39435485	43137202	2	2	2.03420567932515	2.03420567932515	4	0
chr19	43147394	44445816	2	1	2.37466339490476	1.20285165511121	3	0
chr19	44446850	45147719	1	1	1.17880921257629	1.17880921257629	2	0
chr19	45150614	45205877	2	1	2.36412264825756	1.3243777127114	3	0
chr19	45206695	45583389	2	1	1.33618243889171	1.33618243889171	3	0
chr19	45585167	50510862	2	1	2.42073127200098	1.13707488852753	3	0
chr19	50520133	52306547	1	1	1.19836800698276	1.19836800698276	2	0
chr19	52311495	53505812	1	1	1.06766163218003	1.06766163218003	2	0
chr19	53505860	54161585	1	1	1.199502450931	1.199502450931	2	0
chr19	54167270	54403801	2	1	2.17214315351637	1.27257287806419	3	0
chr19	54403925	56689214	2	1	1.29083111760048	1.29083111760048	3	0
chr19	56689969	57461103	1	1	1.11339084559522	1.11339084559522	2	0
chr19	57467490	57759835	2	1	2.1349476449723	1.10235263826086	3	0
chr19	57764770	59097160	1	1	1.1758863344603	1.1758863344603	2	0
chr20	0	11526929	2	2	2.00318561420722	2.00318561420722	4	0
chr20	11533337	16788003	2	2	1.89660835527491	1.89660835527491	4	0
chr20	16795657	20079360	2	2	1.98989996950585	1.98989996950585	4	0
chr20	20079500	24707912	2	2	1.87885872024158	1.87885872024158	4	0
chr20	24708653	33607551	2	2	1.97981900115196	1.97981900115196	4	0
chr20	33622242	38648634	3	2	2.63230897853464	1.82117235170166	5	0
chr20	38648699	50445716	3	2	2.66193016266824	1.75081166788359	5	0
chr20	50446692	50754098	3	2	3.08180420706083	1.93508431974076	5	0
chr20	50754259	53831656	3	2	2.69401616884949	1.80472068648418	5	0
chr20	53833283	60842933	3	2	2.54342308922629	1.72586174491428	5	0
chr20	60850442	62912463	3	2	2.76366555993881	1.83896675906546	5	0
chr21	0	0	3	0	3.20371983729427	0	3	1
chr21	10827533	18433036	2	1	2.11693906990329	0.948225464836033	3	0
chr21	18433749	20554515	4	2	3.56423287906939	1.64332609501041	6	0
chr21	20562856	23332626	2	2	1.89219716932685	1.89219716932685	4	0
chr21	23333160	25784921	2	1	2.01499537691361	0.955889282181501	3	0
chr21	25793831	34809233	2	2	1.96616541682162	1.96616541682162	4	0
chr21	34809370	35056247	3	2	2.35651168395892	2.35651168395892	5	0
chr21	35086481	41050326	2	1	2.29951169428302	1.05404389236086	3	0
chr21	41057146	42436785	2	1	2.04280064888799	0.959639899117532	3	0
chr21	42440714	46283558	2	1	2.25736979537218	1.063066344082	3	0
chr21	46283775	46958299	3	1	2.56125763841579	1.19907125153444	4	0
chr21	46960281	48100155	2	1	2.34070344942915	1.08865081577127	3	0
chr21	207101487	207101487	4	0	3.8013920942734	0	4	1
chr22	0	0	2	0	2.32181427067542	0	2	1
chr22	16114244	51666786	1	2	0.788335331399934	1.72130442862967	3	0
chrX	0	3619524	1	0	1.23286663168092	0	1	1
chrX	3625196	25563140	1	0	0.96501925324385	0	1	1
chrX	25598853	37021051	1	0	0.728953162371953	0	1	1
chrX	37023420	57778934	1	0	1.01154796963793	0	1	1
chrX	57801922	62319494	0	0	0.381034069116217	0	0	1
chrX	62341589	74293618	1	0	0.951292344934528	0	1	1
chrX	74297266	91007059	1	0	0.621345218267899	0	1	1
chrX	91029438	92420595	1	0	1.00318189585353	0	1	1
chrX	92421113	99304950	1	0	0.618145414851384	0	1	1
chrX	99313726	130748998	1	0	0.88338183088932	0	1	1
chrX	130753416	131051012	3	0	3.0776472479091	0	3	1
chrX	131140337	134421168	1	0	1.07865402240608	0	1	1
chrX	134438803	135614392	1	0	1.18501851457678	0	1	1
chrX	135618224	154916845	3	0	3.25143582169088	0	3	1
chrY	0	6535913	1	1	0.865172098549714	0.865172098549714	2	0
chrY	6598492	9882301	1	0	0.511270369161206	0.0891572020060484	1	1
chrY	9925961	14486667	1	0	1.12365654885648	0.270731228997737	1	1
chrY	14498990	28817458	0	0	0.403215348719235	0	0	1
chrY	58022491	59032197	2	0	1.90876861567535	0	2	1
chrY	74429730	76262359	2	0	1.94346920611918	0	2	1
chrY	115532064	115532064	3	0	3.35648915227369	0	3	1
