Name	Chr	Pos	BAF	LRR
rs10816236	9	9920345	0.5002	0.2930
rs1331608	9	122300146	0.0038	-0.0694
rs1332004	9	1453731	0.4587	0.1955
rs13295426	9	116940418	0.0000	0.1229
rs17853166	9	111679940	0.0000	0.2675
rs2475324	9	10215130	0.5286	0.2282
rs3933798	9	96093535	1.0000	0.0271
rs7042753	9	88101673	0.0000	0.1689
rs10118319	9	37829600	1.0000	0.0456
rs28441412	9	98223856	0.9968	-0.0492
rs12345035	9	1222087	0.4945	0.1958
rs11788070	9	34415648	0.4045	0.1871
rs7341780	9	93289273	0.0000	-0.0701
rs12686071	9	119767269	1.0000	0.1448
rs1332865	9	83655465	0.0000	0.1821
rs10810000	9	13617635	0.9884	0.0226
rs1014530	9	123685092	1.0000	0.2674
rs11143908	9	76921043	1.0000	-0.0288
rs1332199	9	9503477	1.0000	-0.0247
rs17256298	9	83104358	1.0000	0.0022
rs6606582	9	140332478	1.0000	-0.0064
rs16912318	9	125672326	1.0000	0.2497
rs2177667	9	114888773	1.0000	0.0853
rs1624139	9	6664902	0.4833	0.1081
rs7031918	9	79511499	1.0000	0.0330
rs3808782	9	17340864	1.0000	0.3876
rs10123913	9	103063826	1.0000	0.1586
rs16929887	9	117289286	0.0003	0.0665
rs1888859	9	12921644	0.4382	0.2214
rs7045446	9	19479033	1.0000	0.0905
rs509609	9	14378776	0.9947	0.0530
rs9330454	9	92515514	0.0000	0.0434
rs7852998	9	123133385	0.0000	0.2444
rs10960462	9	12082380	0.0000	0.1434
rs3849119	9	114844254	0.0000	0.1154
rs6559318	9	91569331	1.0000	0.0526
rs3739459	9	2783928	1.0000	0.3016
rs11140240	9	86381814	1.0000	0.0990
rs302925	9	135573396	1.0000	-0.0321
rs7852487	9	133571587	0.0000	0.1643
rs10283642	9	111074243	1.0000	0.0874
rs13302787	9	30645756	1.0000	0.0161
rs11790339	9	92336018	1.0000	0.1728
rs10761089	9	107740191	0.0000	0.0151
rs1412252	9	1355029	0.5225	0.1763
rs2772695	9	17985166	1.0000	0.5934
rs2871223	9	71615766	1.0000	0.0983
rs2152969	9	26196672	0.7074	0.1981
rs12552226	9	128858795	1.0000	0.0180
rs1440994	9	21801319	0.0000	0.2140
rs2298309	9	35102743	1.0000	0.0528
rs7851511	9	71233266	0.0000	0.0309
rs10869134	9	74776701	0.9993	0.0600
rs7034961	9	16744613	0.5607	0.3971
rs10815156	9	518755	1.0000	-0.0006
rs957903	9	108150827	1.0000	-0.0117
rs2282071	9	16727619	0.0000	0.1802
rs4979494	9	110615884	1.0000	-0.0638
rs10816284	9	108380004	0.0000	0.0443
rs10746599	9	82374355	1.0000	0.0467
rs1543690	9	81451697	0.0000	0.1991
rs7019137	9	0	0.0000	0.2023
rs10812420	9	26600187	0.0000	0.0855
rs1374507	9	88012713	0.9994	0.1058
rs17725419	9	2091914	0.4980	0.0230
rs7038985	9	18238314	0.5228	0.1665
rs10756449	9	13095872	1.0000	0.4589
rs6478058	9	98360213	0.0000	0.0047
rs308494	9	37277831	0.0016	0.1151
rs7039156	9	86791333	1.0000	0.0067
rs811690	9	119404723	0.0000	0.0484
rs4741226	9	12502531	0.5040	0.1150
rs895173	9	9032560	0.4815	0.1976
rs6478539	9	100818720	1.0000	-0.0513
rs4741676	9	2340310	0.9984	0.2010
rs340892	9	6098662	0.4935	0.1583
rs17419570	9	120192435	0.0000	-0.1489
rs17444393	9	72649864	0.9997	-0.0658
rs11139407	9	84386769	0.0000	0.0536
rs17489214	9	93603138	0.0000	0.0051
rs2383716	9	26777330	0.0056	0.0793
rs12000949	9	18495515	0.0000	0.1823
rs4322060	9	104126523	0.0016	0.1945
rs11534410	9	140165510	1.0000	0.1020
rs1220052	9	25830763	0.0000	0.0569
rs10491532	9	113857380	0.0000	0.1352
rs10962321	9	16190403	1.0000	0.3945
rs12003936	9	76350903	0.0000	0.0472
rs7874985	9	94919766	0.0000	0.1600
rs41258306	9	123716103	0.0000	0.1690
rs10979187	9	110843272	1.0000	0.0155
rs16934203	9	37495899	1.0000	-0.1031
rs11794846	9	14726304	0.0000	0.2356
rs4836723	9	121171878	1.0000	-0.1707
rs10983400	9	119665210	0.0000	0.0753
rs10125646	9	19045502	0.5407	0.2375
rs2134860	9	73920739	1.0000	0.1266
rs10975148	9	5500300	0.4582	0.1281
rs385057	9	101922412	1.0000	0.0087
rs7851927	9	117024083	1.0000	0.1653
rs11790833	9	112873868	1.0000	0.2139
rs520812	9	135888407	0.0057	0.1604
rs7853214	9	73079531	1.0000	0.1890
rs11138854	9	83415561	1.0000	-0.0793
rs17836259	9	23516235	0.3638	-0.0041
rs4838353	9	128920470	0.0000	0.0854
rs1532310	9	602986	0.4585	0.3749
rs4361832	9	87595734	1.0000	-0.1312
rs10961168	9	13603327	1.0000	-0.0485
rs791681	9	12522037	0.5104	0.4359
rs10962719	9	16931410	0.0000	0.2804
rs1029037	9	78653976	0.0010	0.0448
rs1983976	9	92154969	1.0000	0.1484
rs478689	9	33200956	1.0000	0.2308
rs488550	9	29572075	0.0000	0.0285
rs1411241	9	23634624	0.6458	0.1316
rs1516882	9	108912911	0.0000	0.3492
rs4745444	9	78407484	1.0000	0.3455
rs13291386	9	13315466	0.5532	0.5055
rs4548247	9	73104819	0.0000	0.2045
rs10156461	9	18818890	0.0000	0.4126
rs4836535	9	129046512	1.0000	0.2519
rs13290720	9	104269009	0.0000	0.0242
rs9407545	9	13832587	0.4936	0.0450
rs4242647	9	38393209	1.0000	0.0205
rs1935383	9	104789573	0.0000	-0.0537
rs10217530	9	80839235	0.0000	-0.0521
rs3808901	9	124992671	0.9965	-0.1383
rs7874239	9	140968222	1.0000	0.0600
rs3009691	9	81272770	1.0000	0.1899
rs10733392	9	23694188	0.3497	0.1935
rs10739046	9	4316336	0.0000	0.3464
rs10993017	9	96760384	1.0000	-0.1463
rs2243767	9	130221388	1.0000	0.0673
rs2779708	9	129979725	1.0000	0.2187
rs12003827	9	127990094	1.0000	0.1145
rs17641744	9	1189365	0.0009	0.2470
rs11144480	9	78158285	0.0000	0.0057
rs828290	9	128104105	1.0000	0.2945
rs16928181	9	128196221	0.9826	0.0020
rs12236917	9	1216007	0.5055	0.2676
rs7032797	9	89316235	0.0000	0.1358
rs957155	9	9142828	0.4333	0.1889
rs10983326	9	119487445	1.0000	0.2385
rs928476	9	9417343	1.0000	0.3969
rs1416621	9	1979764	1.0000	-0.0257
rs10811008	9	18671467	0.4735	0.0571
rs10511950	9	38699876	0.0000	0.2455
rs635171	9	3961492	0.4726	0.2673
rs11791293	9	22291214	1.0000	-0.0142
rs10989112	9	103252812	0.0000	0.1171
rs1418495	9	121090791	1.0000	0.0071
rs1576939	9	7764226	0.4582	-0.1663
rs10983551	9	119913608	0.0000	0.0604
rs4961706	9	16349953	0.4623	0.2450
rs1339171	9	23130500	0.0000	0.1335
rs17835669	9	22454125	0.0000	0.1049
rs727433	9	83579776	0.0000	-0.0008
rs3802426	9	34836905	0.6140	-0.0046
rs12340969	9	15645713	0.0358	-0.3940
rs7850890	9	17993668	1.0000	0.2155
rs10959310	9	10810659	0.5749	0.4019
rs452312	9	118966153	0.0000	0.0429
rs7049212	9	2203544	0.6006	0.0755
rs10811114	9	1919833	0.4290	0.1125
rs16931840	9	14488950	0.0000	0.2306
rs7042510	9	122477415	0.0000	-0.0295
rs1758734	9	25263918	0.7071	0.1868
rs501360	9	14433910	0.4884	0.1464
rs7849878	9	7541338	0.0000	0.2782
rs10819587	9	101781301	1.0000	-0.0076
rs6560506	9	78757167	1.0000	0.0818
rs2842468	9	78937619	0.9897	-0.0776
rs4618799	9	18119661	0.4923	0.1580
rs10819950	9	98935333	0.0000	0.2084
rs10992026	9	94405559	0.9993	-0.2331
rs4149299	9	107600251	1.0000	-0.0160
rs7031657	9	78260121	1.0000	-0.0489
rs942152	9	123951685	0.0000	0.1379
rs10756576	9	14556659	0.5166	0.1052
rs480502	9	24231246	0.3632	0.0411
rs12000840	9	75774574	1.0000	0.1638
rs2297352	9	2535947	0.4503	0.1210
rs7031579	9	133250275	0.0000	0.1555
rs1588303	9	1016842	0.0000	0.4759
rs12353296	9	119315629	1.0000	-0.0249
rs1490741	9	117032340	0.9985	-0.0316
rs631411	9	209325	0.9959	-0.0911
rs886082	9	136101999	1.0000	0.1682
rs10867985	9	85927600	1.0000	0.2295
rs2296051	9	738434	1.0000	0.1457
rs2784611	9	10551203	0.5410	0.1387
rs482670	9	136007358	1.0000	-0.0172
rs7029517	9	112393507	1.0000	0.3180
rs10819548	9	132363481	0.0000	0.2483
rs2041543	9	129197579	1.0000	0.1174
rs287860	9	92838827	0.0000	0.2559
rs2316280	9	91635785	1.0000	-0.0698
rs1952277	9	28849378	0.0000	-0.0766
rs637635	9	110939597	0.0000	-0.0919
rs7849752	9	96391990	0.9995	0.1534
rs10960908	9	13046042	0.5727	0.2830
rs4978587	9	117195199	0.0002	0.0888
rs10965663	9	23137966	1.0000	0.1984
rs12236471	9	104640499	1.0000	0.5731
rs7861505	9	107879948	1.0000	-0.1123
rs7045463	9	84152604	1.0000	0.0937
rs12553191	9	113281255	1.0000	-0.0874
rs1323267	9	801602	0.4641	0.0937
rs10965206	9	229826	0.5477	0.2434
rs10491876	9	25743020	0.0000	-0.0070
rs1890591	9	35500545	1.0000	0.1765
rs3808756	9	17613834	0.0000	0.1663
rs3780513	9	114904712	1.0000	0.0942
rs102993	9	134015072	0.0000	0.1903
rs7863590	9	24875821	1.0000	-0.0040
rs2986606	9	134183503	1.0000	0.2665
rs2001776	9	2120825	0.5121	0.1893
rs1467773	9	78733068	0.0000	0.0591
rs2776861	9	80958634	1.0000	-0.0517
rs10125266	9	30303562	1.0000	-0.1597
rs1494354	9	14782497	0.5340	0.4256
rs6479604	9	98110248	0.0000	0.1827
rs12684457	9	138533122	0.0000	0.0423
rs28365521	9	131699571	0.0000	0.0496
rs2804288	9	552324	0.4504	0.1198
rs17761983	9	14453076	1.0000	0.2165
rs10809708	9	12168247	1.0000	0.2143
rs2149879	9	92128645	0.0000	0.2417
rs1536066	9	17735905	0.5845	0.3078
rs7037139	9	28002083	1.0000	-0.0699
rs2253258	9	104161154	0.0000	0.1069
rs943936	9	38027644	1.0000	0.0827
rs10217667	9	13902048	0.0043	0.0806
rs7026586	9	89862258	1.0000	0.0036
rs3118994	9	129595895	0.0000	0.2538
rs9298846	9	23226243	0.6628	0.0892
rs566510	9	110911435	1.0000	0.0367
rs11790825	9	117491859	1.0000	0.2760
rs10780305	9	81978708	0.9989	0.0142
rs7861986	9	37206365	0.3927	-0.0445
rs7035962	9	4064137	0.0000	0.4988
rs17723131	9	1550403	0.0000	0.2666
rs7044220	9	133289174	1.0000	-0.0324
rs10122600	9	82949474	1.0000	0.2785
rs4744774	9	78515871	1.0000	-0.1031
rs12375931	9	104101542	1.0000	-0.0116
rs10117168	9	26122149	0.7520	0.0266
rs3780151	9	36926028	0.0000	0.0799
rs323721	9	102123746	0.0000	0.1815
rs10814755	9	38753508	0.3687	0.2480
rs10114301	9	8312318	0.0000	0.7232
rs2787179	9	26192902	1.0000	0.0352
rs1889056	9	29631459	1.0000	0.0111
rs7875522	9	88729691	0.0000	0.0425
rs4740448	9	1047343	0.4543	0.0314
rs10819769	9	103147531	0.0000	-0.0163
rs4879670	9	33205408	1.0000	-0.0308
rs7030722	9	16349135	0.4540	0.1638
rs10972462	9	35427324	0.6867	0.3921
rs1571904	9	121927666	0.0000	-0.0205
rs17052425	9	89622864	1.0000	0.1486
rs10973579	9	3793026	1.0000	0.3838
rs10970260	9	31291138	0.0000	-0.1942
rs7046542	9	7163686	1.0000	0.1071
rs1327407	9	19752860	0.0000	0.3239
rs4548251	9	79763758	1.0000	0.1593
rs10983810	9	120593209	1.0000	0.0037
rs16914245	9	101014824	0.9963	-0.0835
rs2031852	9	129755509	1.0000	0.2663
rs9632903	9	110571952	1.0000	0.0318
rs1537812	9	10464815	0.0000	0.5776
rs2011851	9	73442413	1.0000	0.2040
rs10814323	9	36031610	0.5216	-0.1286
rs11794380	9	18760665	0.0000	0.2557
rs4567095	9	4309006	0.4686	0.1911
rs10123549	9	118736263	0.9989	0.0902
rs10738877	9	32094230	1.0000	0.1014
rs10781328	9	78641311	1.0000	-0.0607
rs1412226	9	28385612	0.0000	0.1103
rs10980119	9	112706888	0.0000	0.2755
rs2382402	9	13616003	0.0000	0.2825
rs10869497	9	77705570	0.0000	-0.0344
rs403468	9	20209017	0.4914	0.2559
rs11243426	9	134434362	0.0000	0.2787
rs10760932	9	105764116	0.0000	-0.0771
rs521911	9	18708175	0.0000	0.2438
rs353806	9	89026453	1.0000	0.1360
rs12683116	9	129229878	1.0000	0.2756
rs1533967	9	132287716	0.0000	0.2176
rs1408469	9	36066220	0.0000	0.2039
rs7851112	9	7029050	0.0000	0.0604
rs10993429	9	97739465	1.0000	-0.1797
rs2297408	9	107555306	1.0000	-0.0265
rs1330920	9	27378301	0.0000	0.1423
rs4740874	9	7267176	0.4695	0.1468
rs13297826	9	1183695	1.0000	0.2320
rs2772002	9	135587540	1.0000	-0.0642
rs6479056	9	104359261	1.0000	0.0922
rs1412341	9	31619571	1.0000	0.0110
rs3118853	9	90293349	1.0000	-0.2265
rs7019027	9	7051826	0.4731	0.2119
rs4879653	9	32970518	0.0000	0.1698
rs1926387	9	7328880	0.0000	0.1838
rs11103535	9	137700999	1.0000	0.1310
rs7855434	9	116288537	0.0000	0.1082
rs2378380	9	82032456	0.0000	0.0948
rs10123671	9	29161218	0.3451	-0.0910
rs10733564	9	110510862	1.0000	0.0991
rs10120623	9	110868532	1.0000	0.0245
rs17586734	9	8977444	0.0000	0.2028
rs10758451	9	3779330	0.5116	0.0515
rs3824369	9	19126565	0.4509	0.5892
rs303615	9	106060322	1.0000	0.3830
rs1360555	9	30272267	0.8125	0.2671
rs13293102	9	133795610	0.0083	0.1051
rs3739840	9	115759468	0.0000	0.1185
rs1155008	9	2431272	1.0000	0.4917
rs7870439	9	100951838	1.0000	0.0718
rs10968089	9	27745466	0.0000	0.1386
rs2025192	9	7979082	0.0000	0.0663
rs4111912	9	87217628	0.0459	-0.0197
rs11143005	9	71193270	0.0000	0.1475
rs4979237	9	116118952	1.0000	-0.0940
rs7019007	9	36980920	0.6237	0.1093
rs10970246	9	31255726	0.0000	-0.0653
rs11789484	9	138275572	1.0000	-0.1939
rs3847304	9	107655848	0.9861	0.0679
rs10780660	9	86925846	0.0000	-0.0779
rs10217196	9	81196523	1.0000	0.0279
rs10511678	9	20238152	0.4503	0.1233
rs7029101	9	99060612	0.0000	0.0940
rs10733342	9	17895450	1.0000	0.3535
rs10972754	9	36135424	0.7385	0.2822
rs823922	9	104657274	1.0000	-0.0885
rs4637921	9	81261677	0.0000	0.0189
rs10990824	9	106375480	1.0000	-0.0875
rs4741151	9	1158199	1.0000	0.4020
rs2799850	9	86750762	0.0000	0.1735
rs10974362	9	4172087	0.0000	0.2253
rs12685656	9	85080395	1.0000	-0.0197
rs34499319	9	140106361	1.0000	0.1467
rs660701	9	137982621	0.9963	0.0344
rs6475111	9	17162413	0.5739	0.2151
rs10513497	9	131311128	0.0000	0.1437
rs1478938	9	5931216	0.0044	0.2595
rs12683817	9	80050810	1.0000	-0.0530
rs12551402	9	118260090	1.0000	0.3004
rs1418742	9	5864988	0.0000	0.6845
rs10811667	9	22159982	1.0000	0.0539
rs10115009	9	9128478	0.0000	0.1128
rs10986783	9	128277742	0.0000	-0.1483
rs2486381	9	103790352	1.0000	-0.1799
rs12683024	9	11903938	0.5507	0.5449
rs2800343	9	30181745	1.0000	0.1780
rs1889150	9	71443540	1.0000	0.0032
rs10117505	9	96670213	0.0000	0.0699
rs694388	9	135957452	0.0000	0.4273
rs10992469	9	95551617	1.0000	0.2860
rs4562386	9	4429166	0.0000	0.2065
rs1447027	9	88011840	1.0000	0.0354
rs10117896	9	7687255	0.0000	0.0300
rs10867599	9	83252509	0.0000	0.2502
rs10738192	9	1090919	0.4993	0.1602
rs1854313	9	26506732	0.0000	0.2015
rs12342559	9	139641732	1.0000	0.0562
rs10511609	9	15335996	0.0000	0.3257
rs4837980	9	119649615	0.0000	0.0464
rs10869157	9	74878937	0.0000	-0.2577
rs1028704	9	14426289	0.5703	0.3671
rs512756	9	113631282	1.0000	0.1804
rs10125037	9	99285852	1.0000	0.0601
rs10982746	9	118199668	1.0000	0.3899
rs637582	9	12874703	0.0000	0.2242
rs1341086	9	81673370	1.0000	0.1993
rs2113458	9	75519371	1.0000	0.0089
rs7034055	9	107051846	1.0000	-0.1125
rs3903098	9	76974920	0.0000	-0.0630
rs7853196	9	89279055	0.0000	0.0867
rs989393	9	101743336	1.0000	0.3946
rs7026582	9	20287948	0.4880	0.4449
rs7858252	9	8923351	0.4388	0.0986
rs4742213	9	6539087	0.5141	0.2803
rs11790517	9	95782667	1.0000	0.0990
rs12338205	9	5493994	0.4667	0.3967
rs16912848	9	28398051	0.0000	0.0747
rs6478869	9	131956834	1.0000	0.0298
rs16934621	9	16414756	1.0000	0.3228
rs10781190	9	76765949	0.0000	0.2017
rs10976375	9	7539474	0.0000	0.2726
rs7873626	9	138490710	0.0000	0.1647
rs2310329	9	75721449	1.0000	0.0351
rs7031319	9	81678250	0.0000	0.2498
rs7860632	9	21683289	1.0000	0.2328
rs10757686	9	2787856	0.0000	0.3165
rs10739255	9	111023899	1.0000	0.1132
rs6477480	9	108642738	0.0000	0.0910
rs7855149	9	28649685	1.0000	0.1338
rs968477	9	132241861	1.0000	-0.0236
rs722651	9	13106335	0.5065	0.2474
rs8193023	9	135947165	0.0000	0.5526
rs7037141	9	108209066	1.0000	0.0525
rs12684417	9	115952895	1.0000	0.0435
rs2105054	9	11425445	0.5906	0.2244
rs7028544	9	119490572	0.0000	0.0904
rs6559399	9	81217634	1.0000	0.1121
rs7035071	9	2079250	0.0000	0.2424
rs11999620	9	99823590	1.0000	0.3073
rs10757418	9	23354494	0.4209	-0.2496
rs4741828	9	355793	0.5172	-0.0916
rs10867496	9	82929577	0.0000	-0.1086
rs3124238	9	90246317	1.0000	-0.0158
rs2149157	9	16547743	0.0000	0.2323
rs17256174	9	83100591	0.0000	0.0279
rs1073123	9	135786904	0.0000	0.1376
rs10115585	9	117370196	1.0000	-0.1215
rs621211	9	29535541	0.0000	0.0698
rs4878432	9	30500252	0.0011	-0.1616
rs1536927	9	5581140	0.4618	0.3835
rs12552198	9	32925505	1.0000	0.0277
rs7023524	9	112531466	1.0000	0.1659
rs2810472	9	136760639	0.0000	0.2000
rs10990603	9	105947343	1.0000	0.2786
rs1933040	9	1196570	0.0000	0.2226
rs755383	9	863635	0.0000	0.2890
rs6474799	9	1404008	1.0000	0.0845
rs12378905	9	134443228	1.0000	-0.0351
rs10961560	9	14539758	0.4643	0.1410
rs13286706	9	3757758	0.0000	0.4045
rs7865468	9	10274080	0.5468	-0.0240
rs10869682	9	78651290	0.0000	-0.0146
rs290255	9	93651657	1.0000	0.1630
rs1929871	9	81404992	0.0000	-0.0749
rs10812158	9	25003295	0.0193	-0.1789
rs1341059	9	18528775	0.5368	0.1057
rs1611114	9	136500203	1.0000	0.0598
rs16929519	9	12778271	1.0000	0.0433
rs1931304	9	113246386	1.0000	0.0377
rs9409210	9	121317025	1.0000	0.3106
rs12344508	9	132897036	0.0000	0.1943
rs6597547	9	135048889	0.0000	0.2580
rs6475227	9	18538877	0.4965	0.3117
rs10781381	9	79412910	0.0000	0.1169
rs10751521	9	134209707	1.0000	0.1425
rs2183767	9	79661589	0.0000	0.1229
rs10514829	9	85454114	0.9971	0.0349
rs7874818	9	117995613	1.0000	-0.0152
rs10987776	9	130691933	1.0000	-0.0680
rs4504715	9	87600078	1.0000	0.1696
rs2380935	9	4088131	1.0000	-0.0065
rs954117	9	14771517	1.0000	0.2452
rs10978639	9	109548485	0.0000	0.0924
rs10821466	9	93227637	1.0000	0.6170
rs10978996	9	110438441	1.0000	-0.0808
rs12001002	9	125611369	0.0000	0.1819
rs4626665	9	9262323	1.0000	0.9031
