chr	start	end	lrr	baf
chr1	46367938	46367938	-0.707081885100525	1
chr1	144051015	144051015	0.584992747168606	0.231929660186423
chr1	191744724	191744724	0.982682992996093	1
chr1	217851518	217851518	0.883940533738948	0
chr1	109504705	109504705	-0.0990922404580844	1
chr1	23972012	23972012	-1.03982093933914	0
chr1	114609808	114609808	0.18818177278762	0.49274819828675
chr1	170587750	170587750	1.0045081976328	0.0351362683574596
chr1	82596764	82596764	0.030063554937514	0.521681859248725
chr1	232637732	232637732	3.57208646572237	0.239981512344311
chr1	169934871	169934871	0.849585518620061	1
chr1	23663780	23663780	-0.736634122192266	0
chr1	192962554	192962554	0.978056674039444	1
chr1	138295099	138295099	1.05955366227612	0
chr1	138564447	138564447	0.629370655749769	0.705065474151889
chr1	70184009	70184009	-1.00717379092483	0
chr1	113052008	113052008	-0.10328744374392	0.626251904351787
chr1	201347895	201347895	0.609464537645567	0.24125499385043
chr1	7356771	7356771	-1.02241045656311	0.983222149262357
chr1	248312825	248312825	1.455839257897	0
chr1	24487047	24487047	-1.35656027819042	1
chr1	220780378	220780378	2.42041812375648	0.162583951366081
chr1	236508620	236508620	1.73519031277777	0.926582408215822
chr1	195905608	195905608	0.88095068885513	0
chr1	176048886	176048886	0.691880162213513	0.787633010462916
chr1	112147278	112147278	-0.168785181930008	0.509759939155719
chr1	200526704	200526704	1.0481259208729	1
chr1	231690449	231690449	3.54211542665782	0
chr1	119145695	119145695	-0.0417994341527635	0.547421639324621
chr1	103883867	103883867	-0.148419156071543	0
chr1	4342601	4342601	-1.13210365515391	1
chr1	240476950	240476950	1.62443180912459	0
chr1	70221761	70221761	-0.95272526007676	0.979751910719669
chr1	72105852	72105852	-1.13300906104043	0
chr1	220046162	220046162	1.02348394713031	0.784847049808588
chr1	93684692	93684692	-0.124240297164558	0
chr1	25856879	25856879	-0.755804235141068	0.991960253976377
chr1	170265847	170265847	0.764229547559203	0
chr1	41567478	41567478	-1.29181488464043	1
chr1	225092154	225092154	3.62286126583139	0
chr1	75910994	75910994	-1.06837515469575	1
chr1	117651259	117651259	-0.434944136410791	0.465033174132043
chr1	41503459	41503459	-0.978233707219728	1
chr1	183884320	183884320	0.923180077276322	0.25580072765443
chr1	35009226	35009226	-1.04639106785674	1
chr1	151153415	151153415	0.955449303726836	0
chr1	193194106	193194106	0.449627118853893	0.778244312233598
chr1	179185109	179185109	0.347565746588047	0.261735891736419
chr1	71177177	71177177	-1.19630018820957	1
chr1	187392309	187392309	0.881592730074035	0.280367152699488
chr1	187302593	187302593	0.452190305086839	1
chr1	231321211	231321211	3.90581048207214	0
chr1	135342162	135342162	0.605709623876806	1
chr1	15785905	15785905	-0.124245719584575	0
chr1	26998869	26998869	-1.11494534428578	0.959543631389681
chr1	157686467	157686467	0.737533574721132	0.000435781564456839
chr1	194438801	194438801	0.718129303039012	1
chr1	93571168	93571168	0.240121961469159	0
chr1	229740998	229740998	3.5512841648706	0.884181448883885
chr1	42966656	42966656	-0.521799270276365	0
chr1	104374400	104374400	-0.262013480641964	0.559296387654445
chr1	32266122	32266122	-0.92965401983776	0
chr1	157524850	157524850	0.983683242755801	0.799236670969147
chr1	148467658	148467658	0.693809254800566	0.25766542899581
chr1	188785421	188785421	0.923597276917473	1
chr1	193902085	193902085	0.790577921951871	0
chr1	27522146	27522146	-1.16727040639342	0.952673635505168
chr1	203849825	203849825	0.632170060370943	0.233826661270748
chr1	191794905	191794905	0.670517384530693	1
chr1	206367520	206367520	0.822231023801765	0.00373358521013765
chr1	22475619	22475619	-0.734231578122252	1
chr1	210854491	210854491	0.906891448673106	0.292983167982997
chr1	158328288	158328288	1.12555232519458	0.811684787776152
chr1	183048229	183048229	1.10845423033758	0
chr1	112887931	112887931	0.0956150217574085	0.971148036241212
chr1	104844590	104844590	0.0911478170259218	0.427991848801872
chr1	188951886	188951886	1.04047161975928	1
chr1	56999261	56999261	-1.50124869185544	0
chr1	171831468	171831468	1.05317682145675	1
chr1	151361153	151361153	0.687306562960932	0
chr1	96134613	96134613	-0.0154543430364638	1
chr1	41726471	41726471	-1.12463964251626	0.00690507334094444
chr1	247602555	247602555	1.82108188483668	0.971913611172159
chr1	216746999	216746999	1.13169367132351	0.0967153072841837
chr1	230886474	230886474	3.55347576264753	1
chr1	24279022	24279022	-1.02006863511094	0
chr1	240212172	240212172	1.99952596113242	1
chr1	151561862	151561862	1.12130694096611	0.244896509680563
chr1	8942596	8942596	-0.984437549189544	1
chr1	173723740	173723740	0.748795658984639	0.189149877347894
chr1	181738942	181738942	0.770511213402245	0.797797771559472
chr1	227780427	227780427	3.6987775808091	0.089875023199589
chr1	185234502	185234502	0.691389326003724	0.770330684224957
chr1	92468400	92468400	-0.00663668133484225	0
chr1	194121327	194121327	1.08215968903204	0.744297985091794
chr1	183480556	183480556	0.794226920060312	0.258689037345296
chr1	86432846	86432846	-0.65593846954467	0.609051515732343
chr1	199225369	199225369	0.874328950658901	0.202152796196432
chr1	9618369	9618369	-0.844367674527	1
chr1	192289649	192289649	0.539145950794634	0.0917520694128499
chr1	16454110	16454110	-0.964289377932879	1
chr1	229587046	229587046	3.80623104070887	0
chr1	212535170	212535170	0.578887823836276	0.7861885222433
chr1	226798837	226798837	3.63330878315091	0.1303682829841
chr1	45830255	45830255	-0.755768996521186	1
chr1	133138960	133138960	0.894585610914334	0
chr1	145571779	145571779	0.843078169582972	0.804628447536858
chr1	146030565	146030565	1.08096387025985	0.191544526957151
chr1	14358152	14358152	-0.950640723595227	1
chr1	10996192	10996192	-1.20377118968456	0.00252999295500859
chr1	246396491	246396491	1.4080430707723	0.926524246873477
chr1	15933529	15933529	-0.811884976685381	0
chr1	106854112	106854112	-0.293329287896504	1
chr1	21570553	21570553	-0.726740853566952	0
chr1	143713531	143713531	0.705153524585157	1
chr1	206817566	206817566	0.982521065923663	0
chr1	230286118	230286118	3.34067818592223	0.904261388107462
chr1	131258243	131258243	0.531374110854487	0.248708935249731
chr1	109415816	109415816	0.0758675942794683	1
chr1	205049737	205049737	0.739721873145714	0
chr1	177746649	177746649	0.733201622544406	1
chr1	97353932	97353932	0.217029355516427	0.413797204092451
chr1	194392180	194392180	0.732202328497742	0.790981608362888
chr1	209985868	209985868	0.557177051097287	0.249377541060692
chr1	66960699	66960699	-1.09588740533299	1
chr1	20088398	20088398	-0.898826239640949	0
chr1	106359830	106359830	0.0909818799687766	0.58575547316865
chr1	141075883	141075883	1.02976536471434	0.250448748694574
chr1	61682238	61682238	-4.93606235325653	0.64106733573135
chr1	37730535	37730535	-0.907271767168828	0
chr1	50884862	50884862	-1.0770606228035	1
chr1	99055425	99055425	0.121005937315824	0.455228643840277
chr1	143549329	143549329	0.625282080308139	0.770049181531713
chr1	185634998	185634998	0.733358285219974	0.188270321469524
chr1	14947689	14947689	-0.767571905885623	1
chr1	195649818	195649818	0.729466737609608	0.339353953964332
chr1	93089741	93089741	-0.391497972458365	0.471229687686737
chr1	120177874	120177874	-0.0453760596717413	0.513358288233831
chr1	247013483	247013483	1.78582849314618	0.933984123976634
chr1	248898443	248898443	1.5282508066879	0
chr1	184450973	184450973	0.895595037163163	0.65022728648672
chr1	154235138	154235138	0.724598186675637	0.026097147342725
chr1	113476511	113476511	0.0262716981031524	1
chr1	138165856	138165856	0.730919848013769	0.0173760553306414
chr1	219233738	219233738	0.952003136993982	1
chr1	80014777	80014777	-0.659964970100242	0
chr1	82940031	82940031	-0.175787837220626	0.516488074958391
chr1	150720854	150720854	0.568918343079514	0.292734946418043
chr1	112020053	112020053	0.177002449352355	1
chr1	15679660	15679660	-0.827083817468745	0
chr1	86796659	86796659	0.0822902642778126	0.953146588176735
chr1	91399692	91399692	-0.232361810024615	0
chr1	7396083	7396083	-0.937982489794808	1
chr1	91756795	91756795	0.000820735968642375	0
chr1	129073777	129073777	0.634583069361879	1
chr1	196989517	196989517	0.904256833081589	0.267709245540213
chr1	21550403	21550403	-1.10500063231527	1
chr1	184472388	184472388	0.658011793898982	0.0432447943026348
chr1	19272994	19272994	-0.799114161166928	1
chr1	138797666	138797666	0.765646178837981	0
chr1	7516333	7516333	-0.99343974022366	1
chr1	186899549	186899549	0.564164794198643	0.303473814681307
chr1	10147722	10147722	-0.90204440161364	1
chr1	97084887	97084887	0.141688670515159	0.437381696692766
chr1	185757724	185757724	0.53535589550008	1
chr1	220734607	220734607	2.8459200196396	0
chr1	232414145	232414145	3.51540914798375	0.880309332355314
chr1	218295234	218295234	1.24744522918384	0.304672940187569
chr1	52994896	52994896	-0.66925955027227	1
chr1	31920246	31920246	-0.796672512249491	0
chr1	233508066	233508066	3.69783399881837	1
chr1	217936520	217936520	0.869670575598331	0.227448533192197
chr1	224345025	224345025	2.60509983242645	1
chr1	232366011	232366011	3.38810096825497	0
chr1	238518534	238518534	1.76780438671219	1
chr1	144205245	144205245	0.783579719318281	0
chr1	163924833	163924833	0.981824110835756	1
chr1	3363084	3363084	-0.726293017841898	0
chr1	101256420	101256420	0.38726322926359	0.578914175841907
chr1	14158285	14158285	-0.927810959234123	0
chr1	104055741	104055741	0.313204474439418	0.607126007647471
chr1	79624786	79624786	-0.855350557228001	0
chr1	57348272	57348272	-1.02337687528708	1
chr1	230674263	230674263	3.65203622876804	0.0104795924557637
chr1	91202898	91202898	0.240081112322596	1
chr1	108077908	108077908	-0.0260183014526791	0.450362236206488
chr1	168872404	168872404	0.952770117033068	0.756714192847258
chr1	195136253	195136253	0.672517352165371	0.276139487611003
chr1	99824731	99824731	0.087040379843695	0.566893765333236
chr1	195966246	195966246	0.865132277960358	0
chr1	163133822	163133822	0.951053426083792	0.95684306294059
chr1	12277391	12277391	-1.07242051216851	0
chr1	53116928	53116928	-0.939731889112896	1
chr1	169581494	169581494	1.19422674684413	0.290797923314743
chr1	136416013	136416013	0.782863605862177	0.682217121992405
chr1	65696771	65696771	-1.01077333081831	0
chr1	220900925	220900925	2.96481372472172	0.963216762650699
chr1	199868974	199868974	1.08045748048549	0
chr1	185813339	185813339	0.96440829843114	1
chr1	202036116	202036116	0.945476401045428	0
chr1	154382178	154382178	0.953922076544391	1
chr1	66982206	66982206	-1.59214164252699	0
chr1	97518389	97518389	-0.0616277783132375	0.517046868376973
chr1	47578122	47578122	-0.745124354955553	0
chr1	147989865	147989865	0.990775660022954	0.74740735711192
chr1	80987278	80987278	-0.597927207019194	0
chr1	86911281	86911281	0.185999656271115	0.480276316398924
chr1	97300883	97300883	0.100886974887845	0
chr1	3473856	3473856	-1.21556276263286	1
chr1	168460178	168460178	0.840783889133424	0
chr1	91463366	91463366	-0.218446672840174	0.996725215821168
chr1	35254038	35254038	-1.04534795519745	0
chr1	138187343	138187343	0.845578826900301	0.749340827791627
chr1	191756143	191756143	1.09506046437817	0
chr1	61542510	61542510	-2.48073528471233	0.662161934305914
chr1	218785536	218785536	0.76474720345899	0
chr1	183403099	183403099	0.617793487155517	0.784453673365149
chr1	60269079	60269079	-1.02843755788541	0
chr1	165553819	165553819	0.516581823866076	1
chr1	152596129	152596129	0.720705367913222	0
chr1	98936141	98936141	0.104061680817416	1
chr1	4568991	4568991	-1.06105287691381	0
chr1	152911151	152911151	0.556058919894501	0.746406863285719
chr1	33604200	33604200	-0.824428546846597	0
chr1	88579239	88579239	-0.0406551340748783	1
chr1	40560076	40560076	-0.908293849341385	0
chr1	233828897	233828897	3.57656681365489	1
chr1	120263779	120263779	0.0331665700566522	0.409669265667245
chr1	132431633	132431633	1.09614251266738	1
chr1	17497535	17497535	-1.1716649813085	0
chr1	213587829	213587829	1.01609342312802	1
chr1	196988253	196988253	0.778837080344262	0.0115771412899199
chr1	211028175	211028175	0.784613905016875	0.707097517854689
chr1	56726500	56726500	-0.923504435714043	0
chr1	67997581	67997581	-1.41585531096335	1
chr1	48590187	48590187	-0.967285550446386	0
chr1	1148015	1148015	-0.955589588940366	1
chr1	20663357	20663357	-0.644848606156659	0
chr1	609909	609909	-0.848100458739266	1
chr1	131471170	131471170	0.880898140649939	0.33841737724891
chr1	108062020	108062020	-0.0401435357392642	0.539323237528783
chr1	210513078	210513078	1.13046021494834	0
chr1	56081452	56081452	-1.09083537182985	1
chr1	177018182	177018182	0.86630576342846	0
chr1	148776143	148776143	1.00401539151485	1
chr1	223950857	223950857	2.88693339597486	0.113993838573375
chr1	187704297	187704297	0.796081518639321	1
chr1	104536609	104536609	-0.155070805680479	0
chr1	204896807	204896807	0.945233889891919	0.683990468645822
chr1	28296970	28296970	-0.62761656438088	0
chr1	119118451	119118451	-0.219334321433125	1
chr1	144027358	144027358	1.14314515540266	0.326261452151208
chr1	48263794	48263794	-1.02458486616879	1
chr1	48212976	48212976	-0.826041275636648	0
chr1	39998939	39998939	-0.673066007499797	1
chr1	146583923	146583923	0.839924804885316	0.286447853073248
chr1	38625497	38625497	-1.28112574888935	1
chr1	236174282	236174282	1.62039961598109	0
chr1	46860901	46860901	-0.965918057901643	1
chr1	241608239	241608239	1.57485525896671	0
chr1	155288018	155288018	0.481178275750102	0.987045451808177
chr1	116749097	116749097	0.205797240016343	0.545249374973605
chr1	226318761	226318761	3.82128233988983	0.934373629245812
chr1	236873130	236873130	1.46553080081678	0.104864345409497
chr1	113475129	113475129	-0.36736126732305	1
chr1	20550825	20550825	-1.21189090588355	0
chr1	53551709	53551709	-0.730795820036022	1
chr1	71483108	71483108	-1.04453991777643	0
chr1	193156497	193156497	0.684989174489482	0.800707751554791
chr1	191948991	191948991	0.687813901495855	0
chr1	179329310	179329310	0.936795960012997	0.767405070861678
chr1	245690338	245690338	1.67639455571819	0.0778267841307721
chr1	48609138	48609138	-1.04362382487072	1
chr1	7483155	7483155	-0.797493516844863	0
chr1	57496881	57496881	-1.18686578692929	1
chr1	25352900	25352900	-0.802105417061425	0
chr1	12527350	12527350	-0.875410722193279	1
chr1	167761297	167761297	0.937111474312781	0
chr1	201173073	201173073	0.422223273879263	0.843925467538968
chr1	244626022	244626022	2.20149075149319	0.0243593083956054
chr1	78039511	78039511	-0.947034096944772	1
chr1	176801534	176801534	0.991096027174794	0.313229498362729
chr1	236348971	236348971	1.66070547718346	0.999784814163381
chr1	106199955	106199955	0.0299689582579603	0
chr1	140226907	140226907	0.816730351592232	0.656138030204301
chr1	196665866	196665866	0.891329493278215	0.180240904626029
chr1	71534665	71534665	-0.948650244646084	1
chr1	58794903	58794903	-1.01800354653706	0
chr1	244089597	244089597	1.48029791545985	1
chr1	145107495	145107495	0.740214750122855	0.321774392883015
chr1	205155983	205155983	0.346619560592209	1
chr1	220910914	220910914	2.34311434008374	0
chr1	134463845	134463845	1.0898729815531	0.723017327120829
chr1	99742519	99742519	0.0240989167806506	0
chr1	107225268	107225268	0.195029779436478	0.53407612161312
chr1	161547234	161547234	0.8331837766036	0
chr1	144084313	144084313	1.10550703855153	0.774288002595082
chr1	163019812	163019812	0.717112698005687	0.224963252842749
chr1	85293695	85293695	0.281524429484101	0.631641416950528
chr1	84446509	84446509	0.365448590390939	0.377096550971832
chr1	177193950	177193950	0.720563615327851	0.986098588799184
chr1	10166496	10166496	-0.895417578261011	0
chr1	81865240	81865240	-0.831482110823673	1
chr1	37172540	37172540	-0.967366571336543	0
chr1	5089510	5089510	-0.96672865113881	1
chr1	38651417	38651417	-0.684388143155469	0.010039714881061
chr1	134085870	134085870	0.92566514697712	0.726868983497034
chr1	52928408	52928408	-1.38702677731214	0.00870416805757047
chr1	205155418	205155418	0.859743978675117	0.746771214117426
chr1	81071738	81071738	-0.858173576815614	0
chr1	75065556	75065556	-0.842114817036946	1
chr1	217670449	217670449	0.716990227378523	0.255060783952201
chr1	81888725	81888725	-1.04613665417765	0.997283007212034
chr1	53098914	53098914	-1.05534773207611	0.0110314314351036
chr1	50366746	50366746	-0.988960251026634	1
chr1	14057192	14057192	-1.08257829986108	0
chr1	29038443	29038443	-1.20289225884529	1
chr1	82300081	82300081	-0.914984607912828	0
chr1	176379923	176379923	0.87895624847592	0.788382329263035
chr1	89070789	89070789	0.070440764626448	0
chr1	172626854	172626854	0.675456299035824	1
chr1	182434771	182434771	0.694066430030982	0.180587907171729
chr1	93658496	93658496	0.229360382721582	0.566211443239048
chr1	144951088	144951088	0.59134187989349	0
chr1	27403857	27403857	-0.985773730803382	1
chr1	169256301	169256301	1.13628709013399	0
chr1	95095940	95095940	-0.0672179369983728	0.52079548978438
chr1	103367071	103367071	-0.057631041406877	0
chr1	225223035	225223035	3.43012819322267	1
chr1	77302605	77302605	-0.889453867494636	0
chr1	31538861	31538861	-0.848211889525205	1
chr1	205008561	205008561	0.467039435034114	0
chr1	162807073	162807073	0.912456831506883	0.723637734127967
chr1	68079146	68079146	-0.783445101054926	0.000829785402990633
chr1	154497286	154497286	0.687801378211154	1
chr1	70593510	70593510	-0.561046632694294	0
chr1	99825319	99825319	0.269383339880188	1
chr1	232287444	232287444	3.70943863571395	0.18773343122888
chr1	177511786	177511786	0.540009302483214	0.6982161960379
chr1	238705937	238705937	1.82255568520307	0
chr1	147051903	147051903	0.615889360357946	0.777682868427089
chr1	230973992	230973992	3.38862660289359	0.139262179775646
chr1	101597884	101597884	0.128703646949954	1
chr1	107381544	107381544	0.0434028037305781	0.499024989568584
chr1	78629904	78629904	-1.03507708407556	1
chr1	12707215	12707215	-1.23695410207363	0
chr1	13562868	13562868	-0.936147345422254	1
chr1	187105026	187105026	0.769141962363923	0.295696996957616
chr1	93612985	93612985	0.254453415285178	0.542299054465856
chr1	79839489	79839489	-0.904785236663483	0
chr1	72571174	72571174	-1.08315579305034	1
chr1	86759761	86759761	-0.133686233547185	0
chr1	154592454	154592454	0.630059737160337	0.763936780890512
chr1	165213667	165213667	0.840930450601274	0.155592425859276
chr1	100577226	100577226	0.0782045735754696	1
chr1	16244153	16244153	-1.10516393935529	0
chr1	238442062	238442062	1.92418528216872	1
chr1	199126960	199126960	1.04408431051596	0.255817446308243
chr1	69874228	69874228	-1.28016852437995	1
chr1	167425072	167425072	0.526694459228228	0.205120435385187
chr1	237791835	237791835	1.54699902363682	0.9362236794658
chr1	2683741	2683741	-0.661753134642728	0
chr1	155303955	155303955	0.521205986049383	1
chr1	150562186	150562186	0.606207780296613	0.0031316900214403
chr1	204335098	204335098	0.944303268162833	1
chr1	211017527	211017527	0.880994353284286	0
chr1	207299241	207299241	0.580850205873661	1
chr1	183466056	183466056	0.775949009014942	0.254647935891107
chr1	70659591	70659591	-0.834523030653218	1
chr1	222318218	222318218	2.85101334604736	0.0669016398001739
chr1	119291726	119291726	-0.072524845230166	1
chr1	189761126	189761126	0.83362976368283	0.277256283193745
chr1	201358508	201358508	0.966471694508881	0.785735963854212
chr1	95443437	95443437	0.101007599767461	0
chr1	147859937	147859937	0.754667916837713	1
chr1	244911771	244911771	1.93723341746192	0.042953993999558
chr1	28118892	28118892	-1.04676684802866	1
chr1	60860518	60860518	-5.00562603811473	0.235985944163986
chr1	52607788	52607788	-0.978239848240738	1
chr1	23582946	23582946	-1.25194568825574	0
chr1	92511557	92511557	-0.1278439140898	0.44774104745922
chr1	230171450	230171450	3.62923917493067	0
chr1	95261406	95261406	0.162941813580924	1
chr1	11354164	11354164	-0.939427487317262	0
chr1	81384235	81384235	-1.06684537477075	1
chr1	96997876	96997876	0.226700627993016	0.012831986613413
chr1	78533314	78533314	-0.948213595605601	1
chr1	227654312	227654312	3.79510329120405	0.0735565370973603
chr1	40076119	40076119	-1.08342771452403	0.96678040697787
chr1	203420580	203420580	0.732403463961023	0.309711697402386
chr1	168722619	168722619	0.321740745244934	1
chr1	60945548	60945548	-2.59040495936794	0.139889848185703
chr1	43139168	43139168	-0.907439648818969	0.988335354309759
chr1	81644348	81644348	-1.17780450166414	0.0163149483057205
chr1	42576692	42576692	-0.694190087187695	1
chr1	120423967	120423967	-0.10910839002454	0
chr1	178047733	178047733	0.954383856587973	0.756374203232363
chr1	79702267	79702267	-0.823533948553192	0
chr1	245832577	245832577	1.26829478929912	1
chr1	116738920	116738920	0.303428962222566	0
chr1	105223093	105223093	0.199455753860537	0.599528495672404
chr1	33192395	33192395	-1.1747686271562	0
chr1	33063341	33063341	-1.09759175314169	0.951110703056218
chr1	205167006	205167006	0.466452709159799	0
chr1	21778793	21778793	-0.827735298616378	1
chr1	31640259	31640259	-0.764782246997163	0
chr1	25297297	25297297	-1.00059632096919	1
chr1	248546821	248546821	1.46839374663236	0
chr1	49199611	49199611	-1.17032128865118	1
chr1	226319255	226319255	3.69808159959931	0.0222382242673393
chr1	192973827	192973827	1.13757723091598	1
chr1	242161597	242161597	1.28456786895102	0.0474268401694006
chr1	217992666	217992666	0.984270580007552	1
chr1	240709259	240709259	1.67617937161246	0.039169626017463
chr1	186989403	186989403	0.87994207002381	0.841294414735385
chr1	178054102	178054102	0.638867415337005	0.19171745740712
chr1	132780980	132780980	0.647005470299566	0.751726837951546
chr1	24008475	24008475	-0.95192400637266	0
chr1	238223229	238223229	1.58279086203364	0.97641237184513
chr1	71475537	71475537	-0.849447434872239	0
chr1	195512409	195512409	0.95344542529155	0.725119345692692
chr1	47526635	47526635	-0.988978643908434	0
chr1	19238575	19238575	-1.12953678655967	1
chr1	231367127	231367127	3.80092218636174	0
chr1	158164699	158164699	0.621573121839007	0.85632436502008
chr1	202535655	202535655	0.557770577472466	0
chr1	185861830	185861830	0.98069953523748	0.699276167878026
chr1	243671777	243671777	1.52503210684186	0
chr1	185845150	185845150	0.831459665932715	1
chr1	6079200	6079200	-0.685320497339031	0.0196963395691326
chr1	66743945	66743945	-0.953315095948997	1
chr1	74687782	74687782	-1.0764820267712	0
chr1	141392237	141392237	0.990771363597668	1
chr1	60622390	60622390	-1.88051261973343	0.491486791404895
chr1	199753246	199753246	1.00757364953337	0.887028875528148
chr1	152601150	152601150	1.22257320502282	0
chr1	194544980	194544980	0.655563553271905	1
chr1	105341981	105341981	-0.171867022500795	0.501979242454376
chr1	24482544	24482544	-0.92251055791887	1
chr1	23782436	23782436	-1.1849966840591	0
chr1	175882917	175882917	1.23183019009678	1
chr1	30083538	30083538	-1.01750388657079	0
chr1	33757831	33757831	-1.14015381486857	1
chr1	198930183	198930183	0.763539798117473	0
chr1	142884837	142884837	0.977444779615063	0.990643371307452
chr1	185461756	185461756	0.50012194032922	0.014089749396404
chr1	67907657	67907657	-0.851370769416156	1
chr1	99584645	99584645	0.184357786457022	0.0147809181296077
chr1	182647012	182647012	0.588474219134398	1
chr1	4613898	4613898	-0.79787271896614	0
chr1	171928883	171928883	0.770267738898186	0.831435369519574
chr1	31483114	31483114	-0.82372715084874	0.00987872028248221
chr1	217131571	217131571	0.986806219053928	0.709923570487448
chr1	81585013	81585013	-1.06666488612219	0
chr1	12626905	12626905	-0.959071296169205	1
chr1	218014276	218014276	0.969831657369006	0
chr1	8785968	8785968	-1.50870677342885	1
chr1	72474628	72474628	-0.818586151610668	0
chr1	221494503	221494503	2.62208030731472	0.99001792179217
chr1	137931805	137931805	0.67302436657172	0
chr1	20896004	20896004	-1.0124482659149	1
chr1	20105373	20105373	-1.20568013032222	0
chr1	239755224	239755224	1.67299874465316	0.875270758396895
chr1	48324272	48324272	-1.04388760350506	0
chr1	153154427	153154427	0.378591347971088	0.649543716953692
chr1	169958286	169958286	0.797015535293577	0
chr1	210887242	210887242	0.52824939596897	1
chr1	94751937	94751937	0.356447267707011	0
chr1	46295654	46295654	-0.796984363089935	1
chr1	233624761	233624761	3.33909383527556	0.146357698957134
chr1	139164274	139164274	0.866037521818142	1
chr1	45936606	45936606	-1.03736822307917	0
chr1	189534937	189534937	1.09742254720843	1
chr1	4683724	4683724	-0.988660077231025	0
chr1	138395538	138395538	0.607995791010371	0.788361452533763
chr1	30981899	30981899	-1.25024840197029	0
chr1	154245475	154245475	0.871164143339213	1
chr1	94009613	94009613	-0.0256963981575604	0
chr1	188812002	188812002	0.825822934546324	1
chr1	49321466	49321466	-0.815032932267711	0
chr1	26222789	26222789	-0.943699621207515	1
chr1	240569103	240569103	1.44671600794911	0
chr1	248020170	248020170	1.78759576258889	1
chr1	138194968	138194968	0.715888523344576	0.15109225004117
chr1	207049983	207049983	0.975194898217358	0.772948098525415
chr1	178693588	178693588	0.985566091552074	0
chr1	76391312	76391312	-0.766091409255977	1
chr1	98864536	98864536	0.128197061180212	0.446771434524796
chr1	236382302	236382302	1.75977679037159	0.997745499473207
chr1	74637674	74637674	-0.744373124808926	0.0652124439117574
chr1	64485691	64485691	-0.856702040414008	1
chr1	66788071	66788071	-1.06183096554957	0
chr1	42351356	42351356	-1.48132798662244	1
chr1	47027770	47027770	-0.910181681678084	0
chr1	39402267	39402267	-1.11849014134609	0.971633536777648
chr1	75869385	75869385	-1.18652418257515	0
chr1	106967446	106967446	-0.0226746258161781	1
chr1	208908635	208908635	0.821094179340557	0
chr1	118864484	118864484	-0.109153135610948	0.554412408698972
chr1	189344657	189344657	0.953001299128125	0.0188812248443425
chr1	82375985	82375985	0.0726604429938154	0.573455448761757
chr1	4443637	4443637	-1.14576448849005	0
chr1	81246884	81246884	-0.895993374461316	1
chr1	146625689	146625689	0.444710227215457	0
chr1	22292349	22292349	-1.35208098492097	1
chr1	194953226	194953226	0.829038021171572	0.312102298277035
chr1	142599545	142599545	1.16083164558825	1
chr1	158389150	158389150	0.88813576156877	0.213674628013573
chr1	98646740	98646740	-0.135021354198545	0.536971662995422
chr1	105489738	105489738	-0.227104651503827	0
chr1	29577577	29577577	-1.06590900872221	1
chr1	174298214	174298214	1.06084679350677	0
chr1	202238831	202238831	0.666457151227904	0.706795931649196
chr1	156351625	156351625	0.666701704113696	0
chr1	202016231	202016231	0.835483574296568	1
chr1	83270890	83270890	-0.146696377311499	0
chr1	149658438	149658438	0.917077815983556	0.71300268230151
chr1	165529929	165529929	0.834364856620573	0
chr1	89929836	89929836	-0.0111121244672717	0.518377839890511
chr1	151736705	151736705	0.961360116882929	0
chr1	170871895	170871895	1.03700078324238	1
chr1	163637426	163637426	0.549519728182032	0.172710503419186
chr1	144928262	144928262	0.672156401588534	1
chr1	15699007	15699007	-0.947719351652816	0
chr1	65398972	65398972	-1.32063045503511	1
chr1	170131300	170131300	0.756741371866733	0.260290617325883
chr1	1592612	1592612	-1.01233222478156	1
chr1	18602113	18602113	-0.773980185479103	0
chr1	241721563	241721563	1.69223431606499	1
chr1	78128742	78128742	-0.736093681315125	0
chr1	164125001	164125001	1.14613904673263	0.752869401643128
chr1	62992019	62992019	-4.09514234757615	0.423608183162287
chr1	119686404	119686404	-0.142370023718645	1
chr1	197412300	197412300	0.695649384660858	0
chr1	178759627	178759627	0.772747450775259	0.77292905590424
chr1	166735842	166735842	0.784196348721021	0.315700117953911
chr1	234201759	234201759	3.71660345643823	0.85505190909188
chr1	31316762	31316762	-0.785768352971908	0.0274793765347304
chr1	153143295	153143295	0.865584157157602	1
chr1	160485477	160485477	0.427365799883554	0.292896825845399
chr1	180975422	180975422	0.867164494422027	1
chr1	133862247	133862247	0.863947968510816	0
chr1	91037333	91037333	0.257853345985863	1
chr1	14017645	14017645	-1.12583439309172	0
chr1	109743987	109743987	-0.476802217382245	0.573562780608616
chr1	245598154	245598154	1.22956305747706	0
chr1	65425344	65425344	-1.33298782266364	1
chr1	155776216	155776216	0.689622311651066	0
chr1	173189690	173189690	0.844111149604665	1
chr1	158504137	158504137	0.743310059052522	0
chr1	16814300	16814300	-0.94084035621177	0.981168593990936
chr1	113437472	113437472	-0.429548525338383	0
chr1	233494340	233494340	3.77483952251839	1
chr1	79186075	79186075	-0.975124619287533	0.00117430092304431
chr1	170835144	170835144	0.830174725389439	0.798290124833378
chr1	101577317	101577317	-0.272558928739824	0
chr1	1148179	1148179	-1.03970450862397	1
chr1	185444290	185444290	0.670517765238133	0.220500219709872
chr1	230528965	230528965	3.4557602291938	0.77797552653346
chr1	104563859	104563859	-0.185620332070687	0.372081921201827
chr1	203338029	203338029	0.992575419598693	0.751114278575937
chr1	207382727	207382727	0.640889680893404	0
chr1	16651107	16651107	-1.03474505041486	1
chr1	248821667	248821667	1.2834087143473	0
chr1	82125231	82125231	-0.934068322485654	1
chr1	39863373	39863373	-0.903148419705553	0.00162153467650531
chr1	60797242	60797242	-1.85087898323667	0.503276263712905
chr1	86743512	86743512	-0.226369818996386	0.364625457092972
chr1	189275853	189275853	0.722104253961462	1
chr1	44539590	44539590	-1.24072104413322	0
chr1	73370797	73370797	-0.995081264119348	1
chr1	15643862	15643862	-0.912919000369549	0.00649920085324258
chr1	14093893	14093893	-0.725158548841693	1
chr1	132761124	132761124	0.944633525568965	0
chr1	215794174	215794174	0.899170812156677	1
chr1	84645160	84645160	0.170087584483497	0.474315285269925
chr1	248965760	248965760	1.29971737171979	0.990979177540217
chr1	236708099	236708099	1.85169915210274	0
chr1	109661185	109661185	-0.245206406462677	1
chr1	114826863	114826863	0.152698042932658	0
chr1	57223696	57223696	-0.72636049802063	1
chr1	201902286	201902286	1.06521228284252	0.178310700724165
chr1	204325833	204325833	0.800220304011096	1
chr1	194088221	194088221	1.00512024149483	0
chr1	188940272	188940272	1.12633145674926	1
chr1	104694660	104694660	-0.0691682840249879	0.0229449318308753
chr1	35177203	35177203	-1.01335313514035	1
chr1	188232982	188232982	0.751724175058469	0.251737154043341
chr1	21551728	21551728	-1.17770441922987	0.983835199306181
chr1	184752946	184752946	1.05321550992804	0.225877811138149
chr1	7208348	7208348	-1.2141869744223	1
chr1	40196058	40196058	-1.18695524735311	0
chr1	109368151	109368151	-0.0272579616358846	1
chr1	135759608	135759608	0.688727007621955	0.0101450667650063
chr1	80804133	80804133	-0.951615141262909	1
chr1	71413728	71413728	-1.46527188608497	0.035171049861619
chr1	173568734	173568734	0.674737580498701	0.996440868050329
chr1	130284866	130284866	0.772308088507108	0.220567652865925
chr1	129043189	129043189	0.755401510108791	1
chr1	210146166	210146166	0.735803139364626	0.344438965404923
chr1	83082106	83082106	0.0850841932822411	1
chr1	19658411	19658411	-1.05929834262915	0.00150014843001643
chr1	225385838	225385838	3.66080133425674	1
chr1	168386898	168386898	0.549437920451352	0
chr1	46908262	46908262	-0.79112832589922	1
chr1	16477812	16477812	-1.2636032793364	0
chr1	46209496	46209496	-0.822456285285799	0.999621198609023
chr1	24675750	24675750	-0.832904799214781	0
chr1	156631238	156631238	0.861319072037995	1
chr1	23893286	23893286	-0.896328858978525	0
chr1	95674923	95674923	-0.135458288573277	0.516529532467739
chr1	120418776	120418776	-0.276318166469887	0
chr1	44842224	44842224	-0.629950358397225	1
chr1	193298288	193298288	0.876025530690715	0.260076490175127
chr1	3552009	3552009	-0.968870445256778	1
chr1	153309564	153309564	0.409036341271396	0
chr1	75305593	75305593	-1.26607528864017	1
chr1	74666052	74666052	-1.19111443948717	0.0889002263459728
chr1	239959303	239959303	1.64741059751358	0.973077288780859
chr1	175867391	175867391	0.479051056896202	0
chr1	220460730	220460730	2.49249915585828	1
chr1	177788731	177788731	0.533532010044683	0.162721915472893
chr1	179113813	179113813	0.664253450164349	1
chr1	151627661	151627661	0.831677648220513	0.359939083645272
chr1	18884484	18884484	-1.23214074916525	0.984571425823991
chr1	119272043	119272043	0.277552777049072	0.439850991476563
chr1	228876277	228876277	3.62678649822127	0.809702257213089
chr1	212595348	212595348	0.757368231423699	0
chr1	83621698	83621698	-0.222263686242051	1
chr1	237777316	237777316	1.61023006598905	0.111938468688088
chr1	216222908	216222908	1.01113993394456	0.780437235948804
chr1	158397427	158397427	0.666084065685353	0.234899162049771
chr1	65478180	65478180	-0.884648925984826	1
chr1	99092961	99092961	0.013013231834751	0
chr1	118238240	118238240	-0.127766415507615	0.613984253098237
chr1	61867079	61867079	-4.18929916570204	0.469544489867985
chr1	172011881	172011881	1.02978822825962	0.739585148074705
chr1	214954125	214954125	0.919613175141963	0.307071898397293
chr1	51597805	51597805	-1.17070777235018	1
chr1	220723776	220723776	3.12720309518887	0.130726287501481
chr1	27831051	27831051	-1.21311305963312	1
chr1	97346314	97346314	0.00164148453637238	0
chr1	28669365	28669365	-0.833619727728287	1
chr1	231717070	231717070	4.05961301735763	0
chr1	37811005	37811005	-0.867033103264774	1
chr1	248137567	248137567	1.75417738287906	0
chr1	87825361	87825361	-0.00228324705181085	0.621924418583278
chr1	248405725	248405725	1.53045975809192	0.032672446382328
chr1	186747973	186747973	0.407651910239686	0.653873341531328
chr1	194499029	194499029	1.02664200453748	0.154519356064578
chr1	182599361	182599361	0.798062590903663	0.763991772167832
chr1	160579399	160579399	0.741511349006371	0.258386831223598
chr1	38403283	38403283	-1.06111023347742	1
chr1	241556245	241556245	1.93605851580919	0
chr1	180397154	180397154	0.739428616542546	0.805414713571655
chr1	118564244	118564244	-0.167109038568317	0
chr1	39445345	39445345	-1.06930010772842	1
chr1	86561931	86561931	0.122681326202025	0
chr1	134616004	134616004	0.916462207712838	1
chr1	104133656	104133656	0.0897683994542438	0
chr1	22461484	22461484	-0.985445681886391	0.983396742721721
chr1	74737134	74737134	-1.07383116240497	0.0676110788553502
chr1	189829119	189829119	1.06023096187465	0.711931426680159
chr1	121337573	121337573	0.0670440231747022	0.529166504776215
chr1	9794705	9794705	-0.937545501458229	1
chr1	218778374	218778374	0.643594006815726	0
chr1	67232003	67232003	-1.0955430875174	0.985523993121127
chr1	143850760	143850760	0.640780168087231	0
chr1	237570059	237570059	1.50631145312371	0.980241999813556
chr1	61167583	61167583	-5.55535946671651	0.202166789676994
chr1	155293997	155293997	0.832276153929498	1
chr1	246585225	246585225	1.47679107777222	0.0732801332139957
chr1	151333037	151333037	0.973068511487558	0.970891510666872
chr1	214939236	214939236	0.686793472375013	0.329449190470403
chr1	88503344	88503344	0.0642739694158695	1
chr1	150073913	150073913	0.517479749614472	0
chr1	112858485	112858485	0.269856595959818	1
chr1	246108096	246108096	1.75424511828293	0.0663380576110758
chr1	68789828	68789828	-0.830064577267852	1
chr1	119836828	119836828	0.0125631006865581	0.478773885296819
chr1	187581322	187581322	0.405400236911976	0.810582797348358
chr1	2858742	2858742	-0.809526320291576	0
chr1	158397315	158397315	0.969738988589003	1
chr1	220760574	220760574	2.88385416847401	0
chr1	12036896	12036896	-1.30678509887016	1
chr1	39329626	39329626	-1.43014083562178	0
chr1	64585890	64585890	-0.977773644885449	1
chr1	37863057	37863057	-1.05654315677556	0
chr1	197169104	197169104	0.849758080936226	1
chr1	111672021	111672021	-0.240075165120085	0
chr1	214792494	214792494	1.11509166718999	0.98016844916634
chr1	210754232	210754232	1.11564003566413	0
chr1	247211476	247211476	1.72868788480349	0.952427060648325
chr1	76123530	76123530	-0.840011100684248	0.0151001432371624
chr1	59857233	59857233	-0.94516261925017	1
chr1	155889805	155889805	0.565588480405028	0
chr1	49865066	49865066	-0.887717002495258	1
chr1	232471951	232471951	3.79246202996593	0.166080062490368
chr1	203938231	203938231	0.74478874929889	0.932164170478257
chr1	141504909	141504909	0.966265803687214	0.246379621857789
chr1	38496826	38496826	-1.17978769992831	1
chr1	231060	231060	-0.785937131537014	0
chr1	246957647	246957647	1.5632478021582	1
chr1	4023915	4023915	-1.1065336365528	0
chr1	172071871	172071871	0.964972690235062	0.632518180747838
chr1	150314318	150314318	0.519681148562447	0
chr1	160318504	160318504	0.738790759246634	0.74146528343086
chr1	198198872	198198872	0.674333857000008	0.0112911285541933
chr1	212246457	212246457	0.681009727612966	1
chr1	31851151	31851151	-1.34022039873659	0
chr1	4887154	4887154	-1.09693871389265	1
chr1	80746868	80746868	-0.873944206042043	0
chr1	75885116	75885116	-0.949932560989845	0.97726356009179
chr1	63824683	63824683	-0.922311425648959	0
chr1	181502026	181502026	0.555100754989281	0.748957419286266
chr1	113476	113476	-1.6245636693478	0
chr1	76717311	76717311	-1.32951089147503	1
chr1	161583640	161583640	0.556982697613485	0.00727105594022085
chr1	217441288	217441288	0.728873432616021	0.695831308987732
chr1	188156939	188156939	0.826428890290087	0.24056320365749
chr1	103576037	103576037	0.381540247283321	0.578617206543333
chr1	5128857	5128857	-1.18737407858151	0
chr1	54617894	54617894	-0.953373990036957	1
chr1	23063978	23063978	-0.950786300282741	0
chr1	38939484	38939484	-1.06697033555252	1
chr1	159513051	159513051	0.433913806865529	0.249163245403971
chr1	44455174	44455174	-0.451088880900662	1
chr1	117494446	117494446	0.294824833249324	0.438546829125368
chr1	248948484	248948484	1.41650469407653	0.908783799977857
chr1	70873707	70873707	-1.01809555301152	0
chr1	29662917	29662917	-0.873042814165021	1
chr1	157878394	157878394	1.11222037402155	0.261591795607282
chr1	171868930	171868930	1.16250049763951	1
chr1	164265723	164265723	0.861024837229274	0.250489275373654
chr1	243004064	243004064	1.44986802388915	1
chr1	49171901	49171901	-1.11628312931143	0
chr1	227445937	227445937	3.82778647234381	0.989960603535646
chr1	227439379	227439379	3.70590378077626	0
chr1	168633692	168633692	0.66571986197403	0.775092141804069
chr1	53906465	53906465	-0.691544951776248	0
chr1	170161401	170161401	1.0755484053567	0.729658202654278
chr1	86769500	86769500	-0.0709352991655133	0.449684520916581
chr1	120567526	120567526	0.129908338829328	1
chr1	41010919	41010919	-0.882952242168882	0
chr1	178267752	178267752	0.898284633171003	1
chr1	2775894	2775894	-0.665540960020455	0
chr1	62268474	62268474	-3.49723543363753	0.743005528114736
chr1	180315489	180315489	0.628401022526938	0
chr1	216932464	216932464	0.805392804590254	1
chr1	37335829	37335829	-1.03195147510522	0.0119370863595315
chr1	186497142	186497142	0.848249714323906	0.746728727521228
chr1	167401708	167401708	1.08602891242203	0.234790355185914
chr1	191955975	191955975	0.507905270345516	0.725746548285144
chr1	194016061	194016061	0.643500029637696	0.222163146750179
chr1	76721183	76721183	-1.16709630909703	1
chr1	246349005	246349005	1.53504859425904	0
chr1	188950365	188950365	0.702894287181766	0.755443909462221
chr1	66402193	66402193	-1.08698634782465	0
chr1	93969616	93969616	-0.311514226502217	0.577101645455847
chr1	241436366	241436366	1.86082529562365	0
chr1	223144609	223144609	2.74483635719826	0.887469838819377
chr1	58192526	58192526	-0.683899520154259	0
chr1	196761930	196761930	0.524752992023035	0.689553811756978
chr1	202712119	202712119	0.898299969676268	0
chr1	24998472	24998472	-0.814629020488873	1
chr1	245748208	245748208	1.60565349474069	0
chr1	22251974	22251974	-1.23869863235213	1
chr1	196203952	196203952	1.11876045423492	0
chr1	186311051	186311051	0.792803853659941	0.823404969603292
chr1	240573824	240573824	1.61763514150325	0
chr1	13464165	13464165	-1.27850962827396	1
chr1	207112765	207112765	0.245814469327547	0
chr1	106855473	106855473	0.17508855203162	1
chr1	101650963	101650963	0.0384237369655154	0
chr1	213459142	213459142	0.700777306961425	0.97362174377937
chr1	17087541	17087541	-1.14381454819377	0
chr1	221007532	221007532	3.1516792719716	0.843770670690116
chr1	105448937	105448937	0.171648553165941	0.558291321252213
chr1	232635975	232635975	3.54596791423676	0.873410825676199
chr1	28439328	28439328	-1.06972934335398	0
chr1	90994441	90994441	-0.131134305467739	1
chr1	114385929	114385929	-0.00570488388415069	0.455934446743469
chr1	229314761	229314761	3.52959520706302	0.836489423262292
chr1	72265998	72265998	-0.667640161242933	0
chr1	120845280	120845280	0.179832265925993	1
chr1	95956630	95956630	-0.239475871694561	0.496959988268332
chr1	99578740	99578740	0.0716053104625836	0.514788676326257
chr1	33966753	33966753	-1.07419789002098	0.00730498031165591
chr1	192662702	192662702	0.735539102850294	1
chr1	158928243	158928243	0.658863428601351	0.266186052825195
chr1	192538059	192538059	0.796238536009272	0.670968613668917
chr1	68339258	68339258	-1.12638495631873	0
chr1	208951425	208951425	0.612494465965234	1
chr1	49347350	49347350	-0.841182126938245	0
chr1	194407242	194407242	0.582842502020853	0.960646309736558
chr1	157487178	157487178	0.999428662093609	0
chr1	196497716	196497716	0.672175216310526	1
chr1	175694085	175694085	0.810127993364428	0.00996741705930305
chr1	159848271	159848271	0.708778167000141	0.772796484131078
chr1	11531945	11531945	-0.496448508226288	0
chr1	79581328	79581328	-1.11759121507799	1
chr1	18284294	18284294	-1.04826199075803	0
chr1	90048826	90048826	-0.0640426576824273	1
chr1	135908972	135908972	0.558812524797462	0
chr1	98579672	98579672	0.0381350927674859	0.964929032236493
chr1	190949881	190949881	0.538034280757805	0
chr1	100680751	100680751	-0.174835978323351	0.539066197279061
chr1	36055334	36055334	-0.750001909611559	0
chr1	225542575	225542575	3.62455772812118	0.79411044615486
chr1	75807540	75807540	-0.880858016567284	0
chr1	134694720	134694720	0.910668315991321	0.769519530601297
chr1	8374354	8374354	-0.706203212746278	0
chr1	212786640	212786640	0.717838891889075	1
chr1	243223395	243223395	1.74016216919915	0.0621719906630472
chr1	49390170	49390170	-1.04112357052408	1
chr1	181818748	181818748	0.748414054417977	0
chr1	63776921	63776921	-1.06736467869099	1
chr1	17847249	17847249	-1.02357137596754	0.0297847767548341
chr1	117547286	117547286	-0.214920016883901	0.972134895117579
chr1	187495810	187495810	0.901316477367652	0.195478371358736
chr1	109530708	109530708	0.0418185337793741	0.505296944495198
chr1	197846038	197846038	0.624901918340715	0
chr1	142992028	142992028	0.660725349799458	0.709396271881865
chr1	131957388	131957388	1.02967307538951	0.296307488599832
chr1	201629263	201629263	1.04350854698262	1
chr1	104143719	104143719	0.206345271477496	0.423362599186412
chr1	1181267	1181267	-0.919116809598055	1
chr1	43086174	43086174	-0.645753521969272	0
chr1	159381197	159381197	0.977134431385866	1
chr1	18419508	18419508	-1.2184521848866	0
chr1	87292996	87292996	-0.593636341547655	1
chr1	96511447	96511447	-0.0612802829640324	0.485859322474473
chr1	93310564	93310564	-0.18659553977255	0.435654567688077
chr1	166042962	166042962	0.85714638671331	0.0254330566035988
chr1	68756061	68756061	-0.862947697688629	1
chr1	58781295	58781295	-1.26643539726483	0
chr1	188525266	188525266	0.974626231225981	1
chr1	191873218	191873218	0.708917470232313	0
chr1	187037509	187037509	0.67318238558166	0.766299477448183
chr1	77056141	77056141	-0.919419911836337	0
chr1	222983759	222983759	3.00243506869251	0.840331603654078
chr1	214947000	214947000	0.803738515313303	0
chr1	4865191	4865191	-0.568241426236677	1
chr1	86912126	86912126	-0.293767573431504	0.417651439412371
chr1	162933527	162933527	0.687249348586623	0.735830965089259
chr1	118145256	118145256	-0.201513744365537	0
chr1	166924900	166924900	0.751510137232616	1
chr1	175929768	175929768	0.606659847932685	0.177615576493135
chr1	216016432	216016432	0.707080657250093	0.718414311518405
chr1	61436702	61436702	-3.73823989321566	0.122655853396282
chr1	63346852	63346852	-0.875345870782324	1
chr1	247765737	247765737	1.36337692707705	0
chr1	56052221	56052221	-0.919275931632879	1
chr1	193428817	193428817	0.532244706872405	0.311142039656682
chr1	54611948	54611948	-1.12365135006882	0.990687677424803
chr1	29039570	29039570	-0.768878726556487	0
chr1	165255731	165255731	0.890901809609165	0.791322473833892
chr1	58763746	58763746	-0.857164109578014	0
chr1	164826903	164826903	0.917267723832234	0.852849510626842
chr1	103126531	103126531	-0.0689141170014768	0
chr1	135878037	135878037	1.14648207152033	1
chr1	88655452	88655452	0.107864557064098	0.471575533555316
chr1	38193053	38193053	-0.955025073221127	1
chr1	101068413	101068413	-0.315414113460553	0.465690299190955
chr1	56146730	56146730	-0.901115511290885	1
chr1	35813283	35813283	-0.907982053386764	0
chr1	42685731	42685731	-1.10450265360108	1
chr1	243732097	243732097	1.81902442024497	0
chr1	175064659	175064659	1.08391688841287	0.735425503104549
chr1	170877463	170877463	1.10144100447728	0.324413226183005
chr1	45385585	45385585	-0.982053802574655	1
chr1	116121612	116121612	-0.337351506484632	0.439947889454683
chr1	162031041	162031041	0.969136448252814	0.753909620655416
chr1	89004631	89004631	-0.189308654441369	0
chr1	42845039	42845039	-0.685227305295302	1
chr1	65700642	65700642	-0.709116028361712	0
chr1	135889177	135889177	0.792843264444583	0.677317061283158
chr1	90954035	90954035	-0.238523849123765	0.507495626132775
chr1	192649647	192649647	0.80593419063122	0.845623007964079
chr1	19618702	19618702	-0.777099806469199	0.0677941343638432
chr1	17667620	17667620	-1.0398534563527	1
chr1	84358313	84358313	-0.150369016505513	0.467025408218856
chr1	88632640	88632640	0.146460727938259	0.543689731209678
chr1	135396385	135396385	0.836354858822277	0.233855267521096
chr1	155324000	155324000	0.492436135395774	0.791613003993848
chr1	5867575	5867575	-1.0601678703685	0.0162917117901186
chr1	16694169	16694169	-0.757467523503965	1
chr1	184708947	184708947	0.845935470960027	0.253218443355054
chr1	84689217	84689217	-0.23248690541163	1
chr1	49706626	49706626	-1.41984455446725	0
chr1	58813520	58813520	-1.11538999624981	1
chr1	8642330	8642330	-1.11654648234935	0
chr1	199693026	199693026	0.627446796815411	0.747363323545492
chr1	132221317	132221317	0.834526517894243	0.311233720504369
chr1	110201760	110201760	-0.151006695846438	1
chr1	42255333	42255333	-1.02797944688672	0
chr1	74054597	74054597	-0.958642377222728	1
chr1	203127181	203127181	1.01562012397021	0.231792175190634
chr1	74197674	74197674	-1.18729910185518	1
chr1	45549526	45549526	-0.608899651761891	0
chr1	43308651	43308651	-0.851702672867763	1
chr1	26331151	26331151	-0.881350638889165	0
chr1	131965033	131965033	1.29591601522379	0.713780476088126
chr1	155685035	155685035	1.23832601202112	0
chr1	187147356	187147356	0.551417521691888	0.640274544351349
chr1	174589172	174589172	0.993955699441023	0
chr1	28477252	28477252	-1.15332123689045	1
chr1	79047418	79047418	-0.964093102824924	0
chr1	116992551	116992551	-0.0623431012539107	1
chr1	140393696	140393696	0.895634247856119	0.289097777056755
chr1	56603628	56603628	-0.952906586398274	1
chr1	92278790	92278790	-0.0442423187520734	0
chr1	148144181	148144181	0.950023765131218	0.678505250261282
chr1	81628065	81628065	-0.82182215779433	0
chr1	57801492	57801492	-1.0481158483292	0.999670855023111
chr1	174144374	174144374	0.741752446182891	0
chr1	149496370	149496370	0.908768727624314	1
chr1	10038433	10038433	-1.02396203298901	0
chr1	115203163	115203163	-0.3165206803649	0.967783557138246
chr1	47990188	47990188	-0.872256881566336	0
chr1	243807386	243807386	2.11738362615178	1
chr1	25572680	25572680	-1.42090087593307	0.0163165761366092
chr1	183312735	183312735	0.656828719373866	0.880413568361103
chr1	204829769	204829769	0.936622465287376	0.245632974948983
chr1	8526725	8526725	-1.05634271578415	1
chr1	196051011	196051011	0.923632834019926	0.314075022363714
chr1	56684496	56684496	-1.23579242441926	0.98374806674739
chr1	57477757	57477757	-1.49812587606704	0
chr1	89442635	89442635	0.323748806551751	0.553374729790186
chr1	108116067	108116067	-0.086135070866743	0
chr1	86546373	86546373	0.15622730188083	1
chr1	245462015	245462015	1.66922445967082	0
chr1	201881704	201881704	0.498319502394232	1
chr1	88162487	88162487	-0.137346686508262	0.448799667658106
chr1	170991026	170991026	1.02690944914572	1
chr1	240306424	240306424	1.60113111119821	0
chr1	202855052	202855052	0.776454925468673	0.997212199732333
chr1	148528297	148528297	1.02541676732803	0.213406119371898
chr1	246290325	246290325	1.19225778409506	1
chr1	87685837	87685837	0.0560130066920148	0.429340059777012
chr1	39147954	39147954	-0.78068107918737	1
chr1	119500563	119500563	-0.0402650727200145	0
chr1	99156751	99156751	0.115254412399336	1
chr1	16104969	16104969	-1.12010134946538	0
chr1	152056891	152056891	0.462717321916029	0.742735801003322
chr1	150017982	150017982	1.01783110899452	0.279170469596811
chr1	74351670	74351670	-1.37455364137567	0.990004232237115
chr1	167629518	167629518	0.577192139721177	0
chr1	100434348	100434348	-0.127484238797261	1
chr1	85879804	85879804	-0.00562197566746657	0.578725643225769
chr1	42368138	42368138	-0.963511141347109	1
chr1	179014540	179014540	0.626209674617577	0.247114951024087
chr1	21161202	21161202	-1.03931316523157	1
chr1	177116636	177116636	0.882546695555446	0.201497620843198
chr1	86096505	86096505	-0.0146851949154187	0.525713831836837
chr1	93377403	93377403	-0.222776460619469	0
chr1	160274946	160274946	0.712425711917594	0.990673837451531
chr1	952345	952345	-0.889225888076673	0.0416769266163431
chr1	34085793	34085793	-1.22197391300884	0.998450144328847
chr1	26156067	26156067	-0.754805841330908	0
chr1	155727981	155727981	0.49791199231951	1
chr1	29423048	29423048	-1.12730297024205	0
chr1	205348013	205348013	0.806366631415998	0.808588059293897
chr1	89882839	89882839	-0.0476506752083086	0
chr1	32483134	32483134	-1.38027608970711	0.992017703447308
chr1	19356574	19356574	-1.17872921346525	0
chr1	181264664	181264664	0.702885012342138	1
chr1	69410826	69410826	-1.02531132730908	0
chr1	73163074	73163074	-1.23378287564502	1
chr1	163775679	163775679	0.599237697346259	0
chr1	159999705	159999705	0.58806653476015	0.678488768708091
chr1	17875755	17875755	-0.926662546871059	0
chr1	27593423	27593423	-0.792923512538564	1
chr1	209834567	209834567	0.848049747693348	0.213293316840496
chr1	21266833	21266833	-1.12192138590265	1
