chr	start	end	lrr	baf
chr1	151683119	151683119	0.766189500190787	1
chr1	86302416	86302416	-0.268598808075215	0.465239330403011
chr1	36645253	36645253	-0.858253509690691	1
chr1	152221866	152221866	0.795384263366672	0
chr1	42154209	42154209	-1.27922904115101	1
chr1	234056580	234056580	3.46555915167464	0.178121276693027
chr1	117002118	117002118	0.102230199409365	1
chr1	74824191	74824191	-0.848556017371902	0
chr1	11219903	11219903	-0.883763117687789	1
chr1	50256966	50256966	-0.700465524122115	0
chr1	71033825	71033825	-1.10853588773794	1
chr1	4820652	4820652	-0.94372856888321	0
chr1	108861757	108861757	-0.0395428420640919	1
chr1	106065616	106065616	5.86620354969915e-05	0.382462051593698
chr1	189882516	189882516	0.318481257584706	0.799540866608409
chr1	198116104	198116104	0.528096033753864	0
chr1	91692118	91692118	-0.0766229901045599	1
chr1	50814743	50814743	-0.645496764739152	0
chr1	138986747	138986747	0.88372232381471	0.777421785206571
chr1	97864814	97864814	-0.131504721917303	0.47350829335155
chr1	229709075	229709075	3.87379188925664	1
chr1	176131761	176131761	1.04048829882187	0
chr1	6331319	6331319	-0.886752088169124	1
chr1	7573267	7573267	-0.846959791967449	0
chr1	200174790	200174790	1.00922560669208	0.716448541166224
chr1	116218013	116218013	-0.439964257897305	0.456662430476212
chr1	234060691	234060691	3.6431878550536	0.76142497763843
chr1	228218015	228218015	3.62077874759671	0.14371831708948
chr1	237183439	237183439	1.65061180666126	0.929280830062313
chr1	31985106	31985106	-1.27549625021281	0
chr1	13171629	13171629	-1.06899554700775	1
chr1	184521945	184521945	0.94602278079625	0.21640112385083
chr1	119393267	119393267	0.127035143740791	0.570541481900516
chr1	47810826	47810826	-1.36826718133383	0
chr1	237894530	237894530	1.35712350427022	1
chr1	50800297	50800297	-1.09500616503794	0
chr1	248390672	248390672	1.91439528495542	1
chr1	62529845	62529845	-5.03444725281879	0.476752549409866
chr1	55894867	55894867	-0.68680300779697	1
chr1	3075945	3075945	-1.14886321865086	0
chr1	243493534	243493534	1.98370224635601	0.978292115558614
chr1	208332453	208332453	1.05366283430972	0.298188577784773
chr1	211790302	211790302	0.89843449604935	1
chr1	115475002	115475002	-0.139423225390526	0.337401545523056
chr1	129797915	129797915	0.416525626424543	0.67420251515952
chr1	237153197	237153197	1.81679897010105	0
chr1	174954566	174954566	0.576962309371189	1
chr1	15121293	15121293	-0.923843307130462	0
chr1	148796544	148796544	0.953262603689595	0.767482096825231
chr1	206101560	206101560	0.84394616284862	0.184105312894679
chr1	129088013	129088013	0.582404928528234	1
chr1	6527336	6527336	-0.789108678915519	0
chr1	86352461	86352461	0.257331453464086	0.989969562859183
chr1	173388281	173388281	0.582406219792638	0.217741898570521
chr1	172721911	172721911	1.12061146649569	1
chr1	196891869	196891869	0.511204921200327	0
chr1	138742292	138742292	0.990872853078196	0.995348674515091
chr1	4852256	4852256	-0.988705673161655	0
chr1	115953230	115953230	-0.288773303116265	0.527478895260007
chr1	162284739	162284739	0.685153394272415	0.270587016123187
chr1	119234345	119234345	0.119936462090252	0.570513724341421
chr1	29595597	29595597	-1.08270262715315	0
chr1	222731989	222731989	2.91948016804058	0.861742047015734
chr1	22214796	22214796	-1.02227109860848	0
chr1	230715855	230715855	3.39698781674015	1
chr1	13651779	13651779	-1.00845235654344	0
chr1	80621428	80621428	-1.16072008136058	1
chr1	238550094	238550094	1.87116886815403	0.0661488017435286
chr1	161426583	161426583	1.00590788850118	0.744074352676084
chr1	152051173	152051173	0.716641833638202	0.238818316118766
chr1	64945416	64945416	-0.880193647381067	1
chr1	246059838	246059838	1.40433537571777	0.0244724743503835
chr1	36002643	36002643	-1.26187055260987	1
chr1	59055308	59055308	-0.826974170235479	0
chr1	67824485	67824485	-0.824124434213824	1
chr1	196110025	196110025	0.774466815447889	0.0391935643260709
chr1	52317256	52317256	-0.649935316505746	1
chr1	174588784	174588784	0.675230645709301	0
chr1	235758217	235758217	1.79192735297315	0.905153779660471
chr1	29831792	29831792	-1.11970653218372	0
chr1	56863467	56863467	-0.919317142976688	0.983498421066003
chr1	39341292	39341292	-1.41962773666012	0
chr1	58627248	58627248	-0.916706205965525	1
chr1	148740982	148740982	0.784384459983762	0
chr1	87450593	87450593	0.0238181088500722	0.622721986365971
chr1	67591197	67591197	-1.5327206228932	0
chr1	181235125	181235125	0.38680517172983	1
chr1	222679393	222679393	2.71212201150404	0.0697066935353186
chr1	106723174	106723174	0.0727188970922529	0.475222833346871
chr1	57934984	57934984	-0.832948832316239	0.0723493698784808
chr1	182149518	182149518	0.844867363092047	1
chr1	114563590	114563590	-0.0517997477078233	0.00540593174428849
chr1	43102679	43102679	-1.03143810439117	0.991037435357778
chr1	190343663	190343663	1.12372008215199	0.0588932084875615
chr1	97805844	97805844	-0.147355470703249	0.571778745652285
chr1	212068901	212068901	0.80254453703128	0
chr1	186154855	186154855	0.732631378654079	0.735403543777707
chr1	195866581	195866581	0.605033784633462	0.0183865586594901
chr1	4156803	4156803	-0.643146532164238	0.942010925366753
chr1	242599735	242599735	2.06190237745263	0
chr1	23693683	23693683	-1.14007691070946	1
chr1	22453860	22453860	-0.716424850128371	0.00656716285665992
chr1	23056184	23056184	-1.13980272950982	1
chr1	42159855	42159855	-1.32878747884632	0
chr1	152590797	152590797	0.691819003190982	0.736562732028891
chr1	146834095	146834095	0.761753372247155	0.0368116318130293
chr1	22640062	22640062	-1.196589961458	1
chr1	23448017	23448017	-0.891435325645065	0.0190145699408771
chr1	71541673	71541673	-0.837098992039354	1
chr1	247517015	247517015	1.62264273593464	0
chr1	229954473	229954473	3.71657944623251	0.909633489160782
chr1	183890607	183890607	0.590893422246888	0.295920850836711
chr1	10004804	10004804	-1.06055679424866	1
chr1	240866456	240866456	1.59889683454148	0
chr1	248721059	248721059	1.81021997654302	0.914972465172002
chr1	112330641	112330641	0.000387276777625502	0.412634095003829
chr1	15263899	15263899	-0.878927095826492	0.99547070045506
chr1	176281505	176281505	0.952022684780828	0.239140232241058
chr1	114480893	114480893	-0.192937816734582	1
chr1	38107983	38107983	-0.789971037597776	0
chr1	100337763	100337763	0.200143079361985	1
chr1	233151270	233151270	3.57098965972873	0.130072056764514
chr1	161216561	161216561	0.700160102066789	0.695560981367668
chr1	150625154	150625154	0.870101104432771	0.026937662706008
chr1	85924165	85924165	-0.182948588382648	1
chr1	110348815	110348815	-0.255717612062821	0.0259670264423138
chr1	106304690	106304690	0.0177217556756426	1
chr1	65404150	65404150	-1.0869055729906	0
chr1	181172379	181172379	0.823069004049791	0.769362060448179
chr1	163301117	163301117	0.761410030899889	0.181162764904793
chr1	187134921	187134921	0.942234810959687	1
chr1	100717915	100717915	-0.417411549424697	0.523833393955679
chr1	221936629	221936629	2.72371198405632	0.867455985105051
chr1	28086724	28086724	-0.911606163260002	0
chr1	171266577	171266577	0.824598950837095	0.69317523137069
chr1	133008952	133008952	0.964076815866792	0.309612781407634
chr1	244356382	244356382	1.68420504015234	1
chr1	214567424	214567424	0.796918459592955	0.246338734642277
chr1	1675922	1675922	-1.19318864052156	1
chr1	151427099	151427099	0.805405750979257	0
chr1	48003680	48003680	-1.08523425839422	1
chr1	120534317	120534317	-0.2872445408217	0
chr1	148023378	148023378	0.963137124459759	1
chr1	168558446	168558446	0.68262293395593	0
chr1	189024085	189024085	0.951004603917846	0.706556902974561
chr1	241552431	241552431	1.21412588829047	0
chr1	105943206	105943206	-0.140697592711136	1
chr1	77344303	77344303	-1.01171235825332	0.00383301554456617
chr1	113319138	113319138	0.0797847811109221	0.524160622719072
chr1	103078745	103078745	-0.367137373399314	0
chr1	34857609	34857609	-0.956117354531935	1
chr1	178310820	178310820	0.665506984823263	0
chr1	199768550	199768550	1.04548630591122	1
chr1	64907754	64907754	-0.901885377537445	0
chr1	8168872	8168872	-1.17000338496848	0.961331144758513
chr1	163658726	163658726	0.627331587600982	0.27480467315531
chr1	49245791	49245791	-1.33654029462009	0.973134213928614
chr1	233247095	233247095	3.49995494537299	0.242696931763377
chr1	75966762	75966762	-1.06305028158234	0.994049965640993
chr1	190609413	190609413	0.860614859912438	0
chr1	109859845	109859845	0.133193407416501	1
chr1	12461558	12461558	-1.03612511530702	0
chr1	201490061	201490061	0.820037055231068	0.768117414201625
chr1	99153387	99153387	-0.20456250844381	0
chr1	112313753	112313753	0.137024617100051	0.498354151552521
chr1	10054290	10054290	-1.01373222925121	0
chr1	77756220	77756220	-0.831255707779854	1
chr1	230772792	230772792	3.53627935106676	0.206952198511045
chr1	142666527	142666527	0.677153581729285	1
chr1	153720139	153720139	0.885499259126801	0.146896524219097
chr1	187265093	187265093	0.796406152014675	0.999263720431965
chr1	166465244	166465244	0.678649050413086	0.260972105000254
chr1	71008727	71008727	-1.28568389470131	1
chr1	234151906	234151906	3.54814674449774	0
chr1	166774490	166774490	0.63865508348843	0.978708878002391
chr1	47891790	47891790	-0.96242635215319	0
chr1	151577118	151577118	0.764935069771967	1
chr1	59607505	59607505	-1.07758710985435	0
chr1	134463106	134463106	0.848057494317757	1
chr1	24576543	24576543	-1.13207894828331	0
chr1	144937937	144937937	0.696549521143732	0.626650790115076
chr1	92856683	92856683	-0.304400468350818	0.449833195512245
chr1	78753931	78753931	-0.899582166057073	1
chr1	98510215	98510215	0.0880840657051374	0
chr1	143730830	143730830	0.607392662003979	0.984490428135424
chr1	158307443	158307443	0.970476051204586	0
chr1	162334896	162334896	0.70999052285	0.793725152992999
chr1	81012329	81012329	-1.12875409280284	0
chr1	42126753	42126753	-0.971529569448625	1
chr1	196745733	196745733	0.778850124604134	0.208910134271081
chr1	54071821	54071821	-0.565046919848968	1
chr1	46617108	46617108	-1.28272628373886	0
chr1	147859489	147859489	1.03323655465919	0.697228716802684
chr1	115035307	115035307	0.0235681894845536	0.011667771581005
chr1	26193899	26193899	-0.797912406668657	0.974486763663691
chr1	34839906	34839906	-1.11189646291063	0
chr1	245608270	245608270	1.53784397484324	0.913236022699873
chr1	87746852	87746852	-0.511069727005682	0.462010395281149
chr1	190465194	190465194	0.909013078146406	1
chr1	117850554	117850554	-0.0561383799226468	0
chr1	149776414	149776414	0.780894775466294	0.977480908512233
chr1	201457955	201457955	0.865279440732488	0
chr1	212271499	212271499	0.811746844477574	1
chr1	26329602	26329602	-1.0372153736902	0
chr1	20473102	20473102	-1.05695544520742	1
chr1	158726319	158726319	0.60028020203042	0
chr1	28835619	28835619	-1.33584052113254	1
chr1	119048344	119048344	0.0309857362146765	0
chr1	76809557	76809557	-1.17163147657654	1
chr1	1687647	1687647	-0.686327821330265	0
chr1	169309310	169309310	0.882753809346169	1
chr1	37293355	37293355	-1.04938979749676	0
chr1	164797214	164797214	0.909260449137746	0.721030067868859
chr1	132911737	132911737	0.58357566077029	0
chr1	145157471	145157471	0.977501532560972	0.654541212425435
chr1	168613371	168613371	0.712338498161914	0.258277353789462
chr1	196335565	196335565	0.858894045032112	0.709270588740075
chr1	120839794	120839794	-0.191111102959285	0.0367880308627774
chr1	23092226	23092226	-0.868867822113159	0.971263153079323
chr1	107456814	107456814	0.0491766830085643	0.446424089898921
chr1	5276850	5276850	-1.25390945828819	1
chr1	52150669	52150669	-1.28119589643004	0.00134673238618334
chr1	118353523	118353523	-0.0710423926751608	0.55176189342813
chr1	159673115	159673115	0.606753215658527	0.177955634829689
chr1	92609203	92609203	0.0142760314996887	1
chr1	237033207	237033207	1.98557125089217	0.113730598489532
chr1	178327115	178327115	0.857057155359571	0.737618015943322
chr1	41453346	41453346	-1.19375302045238	0
chr1	168366142	168366142	0.753879961070926	0.723973573462942
chr1	232575118	232575118	3.55729330295107	0.121183365291606
chr1	140922493	140922493	0.877439385309597	0.689784848623336
chr1	155976562	155976562	0.944720990724892	0.236973131510716
chr1	114223305	114223305	-0.0688274219228302	0.995679932982052
chr1	167382168	167382168	0.786434281975961	0
chr1	111643078	111643078	0.314553869636762	1
chr1	57305031	57305031	-0.988046279302757	0.0170339663440963
chr1	189914630	189914630	0.913562236105114	0.648583755440919
chr1	71780485	71780485	-1.03977929801992	0
chr1	227947879	227947879	3.82082319827017	0.804078107505755
chr1	158380849	158380849	0.993122690267653	0
chr1	217288105	217288105	1.03634022763096	1
chr1	141146021	141146021	1.12220307787887	0.184292210216631
chr1	145490128	145490128	0.571257758790667	0.731603175636428
chr1	202019400	202019400	0.490728721606518	0
chr1	172932940	172932940	0.826746935698236	0.804856318870386
chr1	149551825	149551825	0.638547916119458	0.165561534433065
chr1	48510807	48510807	-0.726679025039805	0.90966988880928
chr1	180286781	180286781	0.60030363132785	0.234897761573685
chr1	160423188	160423188	0.54205259358641	1
chr1	63524581	63524581	-0.680976095586107	0
chr1	162617385	162617385	0.360880424671815	0.998925362063429
chr1	5300380	5300380	-1.15181502650247	0
chr1	241676083	241676083	1.6928403587558	0.927123758987666
chr1	9647314	9647314	-0.984868446268119	0
chr1	49359701	49359701	-0.917312683493549	1
chr1	30338223	30338223	-0.583160622591188	0
chr1	90526612	90526612	0.0880685598907735	1
chr1	219000635	219000635	0.759362830253108	0.220805504560244
chr1	17553534	17553534	-0.771885313085885	1
chr1	119853936	119853936	0.321967536044204	0
chr1	40767856	40767856	-1.1540256894164	0.938221259179802
chr1	179311477	179311477	0.883646493583073	0.143414722281191
chr1	23190587	23190587	-1.09269584871842	1
chr1	9032174	9032174	-1.15358288119925	0
chr1	235069258	235069258	1.78227470868298	0.919723840371448
chr1	116598552	116598552	0.513770228834408	0
chr1	88054339	88054339	0.277570034588481	1
chr1	109608239	109608239	-0.212699312938478	0.413010923215378
chr1	136617686	136617686	0.696171906465617	0.852288569568803
chr1	33612134	33612134	-0.82884133429602	0
chr1	54160790	54160790	-0.962829957983328	1
chr1	162117187	162117187	0.587269320577084	0.235502256235118
chr1	156994865	156994865	0.869254456498452	0.723871950796009
chr1	157068517	157068517	0.599294181735621	0
chr1	236313424	236313424	1.5697441837281	0.963613219782401
chr1	44991697	44991697	-0.941825932038365	0
chr1	118084266	118084266	0.00371873764407384	1
chr1	11144888	11144888	-1.01620643438895	0
chr1	140793310	140793310	0.661683545650487	0.734207489719778
chr1	22134001	22134001	-0.910853940028514	0
chr1	157167849	157167849	0.710217458849438	0.978569147266281
chr1	162785724	162785724	0.840007551597497	0
chr1	31088588	31088588	-0.507160045144	1
chr1	178953674	178953674	0.767579766160639	0
chr1	104885824	104885824	-0.0617173346341424	0.513596018446605
chr1	17643199	17643199	-0.735024260471502	0
chr1	162524551	162524551	0.653144219807841	0.788116928786819
chr1	97753964	97753964	0.320464092568774	0
chr1	211427066	211427066	0.474459248188904	0.772908032417588
chr1	16398859	16398859	-1.10254937163397	0
chr1	24789884	24789884	-1.20240425403332	1
chr1	173801003	173801003	0.716859323538603	0
chr1	150452477	150452477	0.794962195307632	0.795891437972095
chr1	142893899	142893899	0.5938495657202	0.204755758674819
chr1	224557490	224557490	2.82243170260135	1
chr1	195412172	195412172	1.05852930775056	0
chr1	171259682	171259682	1.47242294304125	0.964642179343478
chr1	144086116	144086116	0.732501641905386	0
chr1	206207629	206207629	0.938072787110469	1
chr1	100567932	100567932	-0.231867965107573	0
chr1	90527068	90527068	0.150271198383335	0.621879218009894
chr1	161997887	161997887	0.678189198824183	0
chr1	189331531	189331531	0.609224094654213	0.686159416667633
chr1	58322921	58322921	-1.09394881393124	0
chr1	20572031	20572031	-0.809422602950734	1
chr1	167059800	167059800	0.563312968278956	0.277986852925628
chr1	136313108	136313108	0.415602195216107	0.770404329300091
chr1	159526270	159526270	1.16424810543653	0.237415170000768
chr1	198502949	198502949	0.889902290788227	0.722921868587026
chr1	203584331	203584331	0.72114328146172	0.271206495825024
chr1	195447058	195447058	0.557939361241855	0.841571182750683
chr1	153962154	153962154	1.15637408264172	0
chr1	120211695	120211695	0.226730197886482	1
chr1	47592405	47592405	-1.10326752984987	0.0171111358486212
chr1	183055819	183055819	0.906518299822868	0.740964343360482
chr1	185805902	185805902	0.953825005819618	0
chr1	99036511	99036511	0.110346454169748	0.54155517349166
chr1	44185781	44185781	-0.962009928121955	0
chr1	229569152	229569152	3.58346619782411	1
chr1	171693256	171693256	0.734102735413529	0
chr1	80952974	80952974	-0.822052984815841	1
chr1	68578325	68578325	-0.891445724986184	0
chr1	7895369	7895369	-1.08017116762533	1
chr1	75392896	75392896	-1.0247755758314	0
chr1	187763108	187763108	0.884022979197057	0.735691964085157
chr1	44285280	44285280	-1.01766495018708	0
chr1	148878302	148878302	0.869336022274484	1
chr1	214099228	214099228	0.760361561332433	0.0192800450740437
chr1	88790272	88790272	-0.2596904078347	0.949586020368891
chr1	35873442	35873442	-1.51275613930851	0.000997286166891875
chr1	11958211	11958211	-0.9687720265357	1
chr1	67892789	67892789	-1.05417703045708	0
chr1	180045509	180045509	0.715298247971021	0.986321867015891
chr1	196432401	196432401	0.991437770992001	0
chr1	102794372	102794372	0.0208699793055614	1
chr1	36718026	36718026	-1.49766375727499	0
chr1	182471137	182471137	0.895829701399441	1
chr1	51903203	51903203	-0.889355698738224	0.00652480664854276
chr1	34011050	34011050	-1.11377963406486	1
chr1	170847351	170847351	0.773966072069743	0.213420971407708
chr1	87203909	87203909	0.315795749795884	1
chr1	247895665	247895665	1.68799109149854	0
chr1	165542475	165542475	0.50924066546723	0.821895522786122
chr1	215433341	215433341	0.899984961179489	0
chr1	221941897	221941897	3.10773216489615	0.843218017319559
chr1	96084731	96084731	0.135228488374414	0.454156324899705
chr1	219577681	219577681	1.11454646294471	0.788549743170682
chr1	71032858	71032858	-0.853881894793792	0
chr1	5896975	5896975	-0.962489403775666	1
chr1	134550039	134550039	0.76203217843706	0
chr1	225779064	225779064	3.88110180445399	0.982159034605425
chr1	10611061	10611061	-1.03058883294755	0
chr1	174522297	174522297	0.602617651938632	0.825928307592573
chr1	34075531	34075531	-0.874578282538622	0
chr1	14126181	14126181	-1.0019094033969	1
chr1	225863970	225863970	3.78660050879455	0
chr1	29175644	29175644	-0.8337812771034	1
chr1	83867067	83867067	0.0234545121221103	0
chr1	239697294	239697294	1.3456700557501	1
chr1	87643430	87643430	-0.199096019632201	0.410180622262277
chr1	28573616	28573616	-1.27253458737002	1
chr1	4097825	4097825	-0.882571320400461	0
chr1	167074272	167074272	0.64521285492564	0.773597869798155
chr1	198369771	198369771	0.622168832263824	0.138108420306228
chr1	248844697	248844697	1.84115337280513	1
chr1	39799271	39799271	-0.730656628693618	0
chr1	40389536	40389536	-0.961782418443987	1
chr1	191513987	191513987	1.0684315281902	0
chr1	104530959	104530959	-0.169638359302422	0.466626199737753
chr1	1589086	1589086	-1.15156552571709	0
chr1	11886322	11886322	-0.803968182720176	1
chr1	197226494	197226494	0.956764927676543	0
chr1	143711418	143711418	0.834749735560513	0.87239221741073
chr1	54793085	54793085	-1.01700242529973	0
chr1	188709892	188709892	0.933742785611188	0.774512174957077
chr1	56252522	56252522	-1.14506135320426	0.0128003180986685
chr1	40532912	40532912	-0.881414657479042	1
chr1	192366067	192366067	0.940682807398036	0.224536141871702
chr1	178854974	178854974	0.839420373809832	1
chr1	87396486	87396486	0.380309319154433	0.00420745169073759
chr1	91612388	91612388	0.318395862261014	0.572595687059016
chr1	1445534	1445534	-1.08680574119198	0
chr1	247839124	247839124	1.62354044540158	1
chr1	157104924	157104924	0.640638992749147	0.263668104854983
chr1	221348926	221348926	2.65747446389611	1
chr1	154916198	154916198	1.14696802995837	0.294023794601827
chr1	59933569	59933569	-0.809943343427441	1
chr1	101036068	101036068	0.256791255376874	0.501757747714632
chr1	184475612	184475612	0.65420953102917	1
chr1	10738482	10738482	-0.770601313692811	0
chr1	129759940	129759940	0.463505461467857	0.967353929664632
chr1	116666474	116666474	-0.132330314587215	0.481997838375611
chr1	85655823	85655823	-0.413799877895468	0.512292443263638
chr1	27861415	27861415	-0.784034865538178	0
chr1	222048013	222048013	2.31534523582789	0.908038166247879
chr1	40551577	40551577	-0.839896624409191	0
chr1	241768510	241768510	1.23250184707967	0.979077657488827
chr1	201829692	201829692	0.951647073957979	0
chr1	114884929	114884929	0.0823611058494347	0.636054561857444
chr1	12413873	12413873	-1.3092978040649	0
chr1	213409589	213409589	0.603828236473557	0.685360136240339
chr1	245752166	245752166	1.4760066704447	0
chr1	166818783	166818783	0.609289088248358	0.980043343208274
chr1	21524418	21524418	-0.848157817000668	0
chr1	14997034	14997034	-0.85936796780694	1
chr1	50115057	50115057	-1.24094809269849	0
chr1	78724254	78724254	-0.919125195439181	1
chr1	151905756	151905756	0.885179073455735	0.276376369033889
chr1	32675530	32675530	-0.938165728295152	1
chr1	106056663	106056663	0.0625246208363931	0
chr1	16949474	16949474	-1.03134423197524	1
chr1	30569124	30569124	-0.669332360237348	0
chr1	101836554	101836554	0.2385680943565	1
chr1	216663839	216663839	0.806557964938498	0
chr1	83308731	83308731	-0.315906238917398	0.548987268027352
chr1	105982161	105982161	0.378259468496385	0
chr1	90937117	90937117	0.293699759715203	0.566784049674872
chr1	71001664	71001664	-0.992510190701241	0.0454537268053724
chr1	83289616	83289616	0.320743314694638	0.996767168047763
chr1	46093248	46093248	-1.16517469233853	0
chr1	51647178	51647178	-1.19526172827704	1
chr1	152848056	152848056	0.847568836454668	0.232606192149717
chr1	232450702	232450702	3.5064712820426	0.908597087135772
chr1	244721836	244721836	1.70894031327253	0.00992619614369605
chr1	217161519	217161519	0.897695564817643	0.760887880889149
chr1	5566613	5566613	-0.804071119864296	0
chr1	53533492	53533492	-0.969778979501339	1
chr1	672268	672268	-1.15683746438151	0
chr1	232851135	232851135	3.65647958081455	0.994233787396971
chr1	22802563	22802563	-1.25579070963369	0
chr1	73349514	73349514	-1.09370361572252	1
chr1	30607779	30607779	-1.21013356232808	0
chr1	75951797	75951797	-0.791676776767391	1
chr1	167437651	167437651	0.380704674734528	0.0432627854540648
chr1	240604837	240604837	1.67801105147803	1
chr1	40475203	40475203	-0.87777845227842	0
chr1	37060205	37060205	-0.893335756808059	1
chr1	168360187	168360187	0.824576534200799	0
chr1	186048056	186048056	0.297477976224985	0.871881407818351
chr1	234834234	234834234	3.46257066018305	0
chr1	8065035	8065035	-0.80765236649225	1
chr1	16546358	16546358	-0.785817958369439	0
chr1	244349633	244349633	1.82050336132083	1
chr1	228209268	228209268	3.56523520823292	0
chr1	55704301	55704301	-0.662153208851837	1
chr1	39469191	39469191	-0.985636204359932	0
chr1	65382964	65382964	-1.18760351791963	0.961067707976273
chr1	235327055	235327055	1.8609983718679	0.0659131026537159
chr1	106590019	106590019	0.019247386389643	0.566771305219362
chr1	208448913	208448913	0.774921040833898	0
chr1	196668309	196668309	1.12098737763738	0.71553616646209
chr1	190140440	190140440	0.875374376620965	0
chr1	154076841	154076841	0.752353757101251	1
chr1	152128268	152128268	0.777184524140903	0.240405163327888
chr1	191638191	191638191	0.906985604140625	1
chr1	247497014	247497014	1.55239831301734	0
chr1	118205489	118205489	0.0021208357512257	0.604099163479365
chr1	2121030	2121030	-0.741988864075696	0.0324816438632802
chr1	87204647	87204647	-0.0333192028583347	1
chr1	185521748	185521748	0.743113241579909	0.225202435779873
chr1	185343336	185343336	0.72283371949584	0.987812772396601
chr1	216107253	216107253	0.849944139475264	0
chr1	119760231	119760231	0.0867234326817687	1
chr1	104695559	104695559	-0.191668826053029	0.483921199291188
chr1	172242355	172242355	0.824716994807234	0.705218110556301
chr1	117884088	117884088	0.15367708139912	0
chr1	191903454	191903454	0.68267689440007	0.783096012427089
chr1	229225894	229225894	3.79657704788305	0.155571084556636
chr1	194759798	194759798	0.915649099930265	0.790846832920123
chr1	240238012	240238012	1.46268984439114	0.00699996627254625
chr1	238196632	238196632	1.88259074345244	0.981252561788774
chr1	118783808	118783808	-0.0704656153193216	0
chr1	145380206	145380206	0.932583469665063	1
chr1	92952501	92952501	0.127217645969043	0.47401017560328
chr1	224796480	224796480	2.76780169328053	0.964452309423322
chr1	132174365	132174365	0.867797825343748	0
chr1	199260846	199260846	0.855749546282206	0.739582869260303
chr1	181968292	181968292	1.03357435233389	0.196358769667299
chr1	193289436	193289436	0.731816856986218	0.979874819866736
chr1	85538330	85538330	-0.0731263598223856	0
chr1	169261015	169261015	0.935570827792204	1
chr1	62094005	62094005	-4.37693998934164	0.382603636593558
chr1	215230080	215230080	0.686046052392194	0.958783983067532
chr1	166979472	166979472	0.760706513767135	0.284480027460986
chr1	49015211	49015211	-1.14715420840877	0.947653538385347
chr1	70251229	70251229	-0.55409233964185	0
chr1	206530238	206530238	0.764068676578801	1
chr1	192327386	192327386	0.620135225246449	0.263967534942931
chr1	171473973	171473973	0.861354686831951	1
chr1	204760479	204760479	1.04108616880816	0
chr1	103952057	103952057	0.297436876570642	1
chr1	220863102	220863102	2.7727653715877	0.15531199233273
chr1	53686060	53686060	-0.626713943888008	0.996296037222011
chr1	24295669	24295669	-0.772751020111493	0
chr1	130470615	130470615	1.00096521191487	0.749201782811804
chr1	143220091	143220091	1.06237366161182	0.169131278525855
chr1	153762999	153762999	0.679317457946835	0.850390913950004
chr1	234942798	234942798	1.58472507291647	0.0436706813064421
chr1	57137944	57137944	-0.847250677681085	1
chr1	117060650	117060650	-0.0717415287718601	0
chr1	180309298	180309298	0.499909862094973	1
chr1	181617549	181617549	0.907241344339185	0
chr1	24757079	24757079	-1.01552844585685	1
chr1	155562025	155562025	0.786644945126197	0.0128786269533871
chr1	190868522	190868522	0.843884554294687	0.756102335503998
chr1	45479009	45479009	-0.79003058688217	0
chr1	196935168	196935168	0.594175427141078	1
chr1	6062887	6062887	-1.26004748032664	0
chr1	186262615	186262615	1.27274681877354	0.75013865582657
chr1	231893578	231893578	3.69899606908513	0
chr1	228554588	228554588	3.36268876785837	0.855102654243083
chr1	162779997	162779997	0.686612167152481	0
chr1	241932259	241932259	1.14896620149623	0.917751433824256
chr1	104836624	104836624	0.156621064408419	0.0841863189204051
chr1	228567614	228567614	3.53818022646272	0.793168936346083
chr1	77950584	77950584	-0.907548010502192	0.00983448932082989
chr1	12746487	12746487	-1.17305196126879	1
chr1	68620138	68620138	-1.260676955153	0
chr1	221842143	221842143	2.76348730419712	0.837711477147026
chr1	53721170	53721170	-1.21108822384976	0
chr1	100044740	100044740	-0.121778369371824	1
chr1	232269125	232269125	3.31161730665516	0.139123439946468
chr1	155395861	155395861	0.827302171846143	0.672612197959222
chr1	14324236	14324236	-1.19621635868771	0
chr1	93117392	93117392	-0.0569018765191472	0.557912758548686
chr1	177347653	177347653	0.693369304829217	0.26969813021883
chr1	210531586	210531586	0.58299006095875	1
chr1	234889488	234889488	3.71610089723805	0.153841632923832
chr1	31116432	31116432	-1.13120621333171	1
chr1	92322428	92322428	-0.0727276659171464	0.491011865433238
chr1	233387619	233387619	3.44263081681162	0.819358735557519
chr1	213044031	213044031	0.509916441800522	0
chr1	95802341	95802341	0.460504004426345	1
chr1	9700106	9700106	-0.965074804520572	0
chr1	113653001	113653001	-0.0895742970247068	0.53313742028686
chr1	244674374	244674374	1.93315437617637	0.0266723715791735
chr1	208081283	208081283	0.689997636869591	1
chr1	102066048	102066048	-0.0603526473425317	0
chr1	29836100	29836100	-0.563311480114925	1
chr1	247586942	247586942	1.51073181174084	0
chr1	97161685	97161685	0.108182612055631	1
chr1	228253002	228253002	3.35503411526098	0.15088964309877
chr1	112587077	112587077	0.00812857760610258	0.55532804500692
chr1	89223650	89223650	0.00946681418368974	0.421288000882609
chr1	43371384	43371384	-0.796896682984536	1
chr1	87470749	87470749	0.209065139424413	0
chr1	195400067	195400067	0.798068946533661	0.822984935951328
chr1	78451469	78451469	-1.01103155351334	0
chr1	130325445	130325445	0.89859963471716	0.702407495942425
chr1	120583758	120583758	-0.219787029736086	0.507103411138023
chr1	221569902	221569902	2.95498961406219	0.817122371454413
chr1	203770437	203770437	0.879353545770526	0
chr1	59300613	59300613	-0.822586570247016	1
chr1	186157636	186157636	0.327727318497978	0.227984092446254
chr1	153711705	153711705	0.8985473698248	1
chr1	92410621	92410621	-0.483801246053616	0
chr1	18175805	18175805	-0.914758334566316	1
chr1	139569375	139569375	1.03439342449279	0.324692990811913
chr1	135139605	135139605	0.72686150081552	0.675557450648477
chr1	80271951	80271951	-1.02369422939793	0
chr1	51564730	51564730	-1.05249650052518	1
chr1	28168245	28168245	-1.10735371911211	0.108095410128259
chr1	149479912	149479912	1.0043985167184	0.777723469929357
chr1	220292400	220292400	0.466078301780879	0.319762810186292
chr1	91481331	91481331	0.162042600787341	1
chr1	194872170	194872170	0.865325976751572	0
chr1	192304710	192304710	0.787118614366186	0.702100456986387
chr1	240047585	240047585	1.72581385995463	0.0836261806231915
chr1	184576255	184576255	0.660928228279283	1
chr1	185576986	185576986	1.32164199439485	0.229643812048606
chr1	31437371	31437371	-0.855218308487516	1
chr1	156955842	156955842	0.800371200360318	0
chr1	47009636	47009636	-1.07174471252751	1
chr1	49364255	49364255	-1.03097858972628	0
chr1	237867891	237867891	1.53735905032757	1
chr1	9736537	9736537	-1.10497148279399	0
chr1	7424366	7424366	-1.11757792283062	1
chr1	106064023	106064023	-0.183611819451396	0.471942112083699
chr1	240706364	240706364	1.77547064083911	1
chr1	60822156	60822156	-4.62429801928665	0.27849353372585
chr1	56080746	56080746	-1.5063919744168	1
chr1	15781808	15781808	-1.04261687804661	0
chr1	211418160	211418160	0.947392071382722	0.978926152339446
chr1	163207841	163207841	0.765170485688195	0
chr1	62168163	62168163	-1.84116090295452	0.709959223633632
chr1	238749326	238749326	2.34806160509546	0
chr1	133331460	133331460	1.0437499536456	0.864696912351496
chr1	218730618	218730618	0.464860821930563	0
chr1	19842430	19842430	-1.22789652630502	1
chr1	184587581	184587581	0.981616777689715	0.0037475092886303
chr1	151114522	151114522	0.631059339890731	1
chr1	145137507	145137507	0.986780545925539	0.0194129900164531
chr1	13777722	13777722	-1.19660296081764	1
chr1	73958658	73958658	-1.08648570264487	0
chr1	156718244	156718244	0.875635886992739	0.802124201756273
chr1	49123663	49123663	-0.976704888792032	0
chr1	148240909	148240909	0.702244827893084	0.774132121684077
chr1	248675108	248675108	1.83405079720239	0.102042056207008
chr1	5603013	5603013	-0.906607845614501	1
chr1	139808875	139808875	1.03291724906749	0
chr1	217880731	217880731	0.422207020261259	0.829128659751016
chr1	204673933	204673933	0.665227389082104	0
chr1	3080446	3080446	-1.19122292025791	1
chr1	145110455	145110455	0.931970104821586	0.0400808444463735
chr1	144706753	144706753	0.87457448683291	0.78984464119244
chr1	182593321	182593321	1.04211971711349	0.251718785751674
chr1	148506147	148506147	0.697823696657819	1
chr1	73026343	73026343	-0.695902485807192	0
chr1	119915269	119915269	-0.138103727983485	1
chr1	140346129	140346129	0.347079136645209	0.370619191303428
chr1	111678151	111678151	-0.221676259598758	1
chr1	10160592	10160592	-0.883648164570989	0
chr1	153293046	153293046	0.808869416387089	1
chr1	102537269	102537269	0.157600120717187	0.464061334993118
chr1	141442458	141442458	0.943191424187469	1
chr1	241254534	241254534	1.77554043722545	0
chr1	204579899	204579899	0.702801992552205	0.999355983082867
chr1	220919935	220919935	2.77523239520401	0.0555112941320925
chr1	148602355	148602355	0.713985094746245	0.858405280392948
chr1	107969277	107969277	-0.0232930973349963	0.424553140758193
chr1	61387204	61387204	-5.51091917933448	0.866795399342664
chr1	234243491	234243491	3.38650669355687	0
chr1	238971105	238971105	1.26195619433187	1
chr1	176147785	176147785	0.486698942827997	0
chr1	207393400	207393400	0.838594225272397	0.708487378249312
chr1	15420694	15420694	-1.11060607325411	0
chr1	101344993	101344993	0.330952012142821	0.637584336200898
chr1	199044801	199044801	1.08528299359357	0
chr1	110526358	110526358	-0.427980280390275	0.529732444070371
chr1	164623872	164623872	0.912756370157241	0.203638136265578
chr1	54265807	54265807	-1.10352322863786	1
chr1	245125220	245125220	1.8648478601706	0.0554893623715804
chr1	235439569	235439569	1.71787506244554	0.979178915201453
chr1	118925105	118925105	-0.12963819014749	0.384504538594165
chr1	54498694	54498694	-0.653970474859131	1
chr1	61308788	61308788	-2.61088815064979	0.0305638187564909
chr1	91186840	91186840	-0.137569567073381	0.531450882008454
chr1	174092298	174092298	1.10502177450064	0
chr1	116091734	116091734	-0.0770257559089466	0.494709001474654
chr1	213214713	213214713	0.786254059350735	0.29716819680203
chr1	89026305	89026305	0.0997089872309348	0.56341410564936
chr1	53698414	53698414	-1.13917043537322	0
chr1	58155662	58155662	-0.961414058978424	1
chr1	145523367	145523367	0.876212735993385	0.281489181855174
chr1	204918820	204918820	0.833799767160462	0.948260737248595
chr1	227737760	227737760	3.6817159257326	0.126864573270051
chr1	101496649	101496649	0.151921645788316	1
chr1	240580681	240580681	1.65545524104496	0
chr1	184933329	184933329	0.971315471517544	0.768947689695548
chr1	247012305	247012305	1.74651810967017	0
chr1	139034695	139034695	1.09272680785392	0.716817812918443
chr1	196235249	196235249	0.737387226782355	0.31031536107573
chr1	96093565	96093565	-0.0251349564254008	0.538475925532305
chr1	15969540	15969540	-0.946106550182405	0
chr1	58037839	58037839	-1.12578215172925	1
chr1	103912994	103912994	-0.337815663873382	0
chr1	7576351	7576351	-0.692179377326787	0.968886787925625
chr1	47275911	47275911	-1.07882287919796	0
chr1	132636809	132636809	0.989850163261395	1
chr1	37268003	37268003	-0.853077562753619	0
chr1	5098338	5098338	-1.15636649330169	1
chr1	39088664	39088664	-0.881626145515152	0
chr1	150152518	150152518	0.676161919317556	1
chr1	118010508	118010508	-0.249142897228665	0.53808926624209
chr1	199444039	199444039	0.583804168486226	0.96275135515498
chr1	46382191	46382191	-1.31327882216855	2.09001536205164e-05
chr1	202649169	202649169	1.13585126119591	1
chr1	19337865	19337865	-0.376201977394075	0.0028263346667657
chr1	189911168	189911168	1.08324145263261	0.992649471141872
chr1	158487324	158487324	0.770787993124831	0.343896264109857
chr1	17490365	17490365	-1.27581676881107	1
chr1	84720103	84720103	0.333905030715034	0.509455055602693
chr1	72991286	72991286	-1.0621897369643	0.980890443998743
chr1	61113943	61113943	-2.50134487748981	0.152985680033453
chr1	8334715	8334715	-1.17595670296937	1
chr1	205095217	205095217	0.686866835920032	0.00373439692749298
chr1	155207639	155207639	1.52921984941009	0.825857600347265
chr1	100248436	100248436	-0.0274239078521347	0.427764731756133
chr1	131070061	131070061	1.17304361790015	0.775540403511445
chr1	226854377	226854377	3.33605575963992	0.171960005306542
chr1	186420237	186420237	0.843367756632581	0.673717174437461
chr1	244588396	244588396	1.65976778571058	0
chr1	146678702	146678702	0.911846043005958	1
chr1	234579113	234579113	3.60158057169169	0
chr1	91248597	91248597	0.283334628451709	1
chr1	97357013	97357013	0.220930156650895	0.00641337933315269
chr1	93245152	93245152	0.0090949783180556	0.578636033761723
chr1	228933818	228933818	3.52814551907815	0.146057383180091
chr1	101579678	101579678	0.0675494427768787	0.546333091184127
chr1	8163977	8163977	-1.22197676736533	0
chr1	112301004	112301004	-0.0260720880639477	0.926759811732939
chr1	57559923	57559923	-1.16941129001881	0.0294000825694443
chr1	77502927	77502927	-1.08736913412856	1
chr1	99996942	99996942	-0.0679440890415275	0
chr1	192508492	192508492	0.776446925740878	1
chr1	180013193	180013193	0.684629455183481	0.262157944352973
chr1	101205717	101205717	-0.185044903160402	1
chr1	39977340	39977340	-1.03844525699439	0
chr1	173543747	173543747	0.792532228176841	1
chr1	98639126	98639126	0.0918807809055903	0.430462041609797
chr1	2047717	2047717	-1.42973211888076	1
chr1	100483131	100483131	0.296307903781855	0.567287761052993
chr1	206943066	206943066	0.852342074893742	0.760899220847667
chr1	215825101	215825101	1.01168575158039	0
chr1	5934797	5934797	-0.831590841162139	1
chr1	73825998	73825998	-1.47234051529519	0
chr1	221872064	221872064	3.21096050682945	1
chr1	33618369	33618369	-0.965962738081786	0
chr1	6075795	6075795	-0.572404259556158	1
chr1	45279983	45279983	-1.36436356898152	0
chr1	13407368	13407368	-1.08488326190454	1
chr1	109537570	109537570	-0.286373177920948	0
chr1	97696064	97696064	0.187537338259161	1
chr1	59887488	59887488	-1.22744968356471	0
chr1	137841853	137841853	1.0039791200048	1
chr1	233051194	233051194	3.35675763914247	0
chr1	214910900	214910900	0.55145666451043	0.994321229346204
chr1	68751665	68751665	-0.867762601711843	0
chr1	240377423	240377423	1.41963198641117	1
chr1	18932125	18932125	-0.439744281728863	0
chr1	26704609	26704609	-0.607928475525684	0.974177249050908
chr1	129804558	129804558	0.785583280602721	0
chr1	68759099	68759099	-0.925022578119801	1
chr1	34631313	34631313	-0.919641302611463	0
chr1	238643213	238643213	1.69754675227193	1
chr1	32309490	32309490	-1.09816995782282	0.0157459272424501
chr1	42396628	42396628	-0.903053527206806	0.971780133230077
chr1	8904272	8904272	-1.02725993732627	0
chr1	92575321	92575321	-0.0152569606808659	1
chr1	81712370	81712370	-0.883828446176428	0.00489281763029011
chr1	158982111	158982111	0.713472615356024	1
chr1	81995536	81995536	-0.869347809019738	0
chr1	91216028	91216028	0.498614317714832	0.557891306394702
chr1	137652035	137652035	0.952097333366751	0.258289822859127
chr1	81892593	81892593	-1.11047096756915	1
chr1	234155391	234155391	3.95169269093002	0
chr1	175638964	175638964	0.970457463556183	1
chr1	149907808	149907808	0.747434792706821	0.18940344585262
chr1	33681741	33681741	-1.20964325679781	1
chr1	242252759	242252759	1.53710305722776	0.00761289979908981
chr1	4203266	4203266	-1.11646530756018	1
chr1	37705485	37705485	-1.05353574096064	0.0410407273059504
chr1	181394376	181394376	0.765962427601294	1
chr1	94470322	94470322	-0.0491991703056921	0.437909711558707
chr1	142263728	142263728	0.818106475204084	0.760128706253368
chr1	231579227	231579227	3.75750119123296	0.123417265717773
chr1	149750239	149750239	0.770487645459854	0.760119614423156
chr1	105323170	105323170	0.383542234097894	0.00432077169101336
chr1	36792026	36792026	-0.824262470732358	0.997673059807135
chr1	63639937	63639937	-1.07695754249372	0
chr1	239985078	239985078	1.59349152392199	0.872095126726574
chr1	201308991	201308991	0.987733174934097	0
chr1	196879196	196879196	0.770521684189813	1
chr1	220470809	220470809	2.74563103652548	0
chr1	149897007	149897007	0.638765430636894	0.809432821364473
chr1	58687794	58687794	-0.918557575511622	0
chr1	175906219	175906219	1.14917426606396	0.760527609440997
chr1	130346189	130346189	0.803061490544547	0
chr1	73243489	73243489	-1.13737766625901	1
chr1	168265992	168265992	0.830110899276895	0
chr1	232845974	232845974	3.66715033275771	0.961568404545929
chr1	27454667	27454667	-0.622125429318168	0
chr1	71575517	71575517	-0.779062035065946	1
chr1	92055700	92055700	-0.0485080691717901	0.522064617223033
chr1	46214895	46214895	-1.17892737892513	0.990781271260401
chr1	193001053	193001053	0.521477481350135	0
chr1	227265844	227265844	3.5284203161603	0.83875682303076
chr1	67335327	67335327	-1.41872299318105	0
chr1	110093784	110093784	0.278229203233745	1
chr1	92179461	92179461	-0.274508001389896	0
chr1	146261432	146261432	0.797751867030566	0.798690962523443
chr1	158024079	158024079	0.756628362036678	0.228161897579136
chr1	85977863	85977863	0.312498538006096	0.611689127351719
chr1	65582738	65582738	-1.47226503720573	0.0271152326414256
chr1	184258070	184258070	1.16087388224168	0.652555040742219
chr1	33819816	33819816	-0.698279595603765	0
chr1	153716005	153716005	0.987419144058013	1
chr1	133533093	133533093	0.382136482278516	0.281118791652505
chr1	204705189	204705189	0.731497852429286	1
chr1	177484883	177484883	0.653096457590655	0
chr1	221885271	221885271	2.47664290356286	0.88483999581159
chr1	235330483	235330483	1.55431622932343	0.0134052774383146
chr1	77924241	77924241	-0.974931419108444	1
chr1	199250331	199250331	0.786066244669215	0.304293973917479
chr1	105927994	105927994	0.0883238144331015	0.557815401855474
chr1	185597066	185597066	1.04358638971206	0.038829118471662
chr1	40818409	40818409	-0.932223549294849	1
chr1	36613010	36613010	-1.16800854355715	0
chr1	189704045	189704045	0.497025682746656	0.848070268720916
chr1	79630506	79630506	-0.919342290724712	0
chr1	191447355	191447355	0.67213308504166	0.762695843112931
chr1	156510876	156510876	1.1957430213623	0.230305091021057
chr1	191165940	191165940	0.81798306433226	0.78239165116183
chr1	18832478	18832478	-1.05778007305738	0
chr1	18163599	18163599	-1.08489988690323	1
chr1	35035114	35035114	-0.980961804888966	0
chr1	139441312	139441312	0.759942568752414	1
chr1	210921788	210921788	0.978206144943496	0.204587297740966
chr1	195330268	195330268	0.848047257685903	0.73480852530895
chr1	151838411	151838411	0.423529191475654	0.206233938725905
chr1	74427636	74427636	-0.999535210450609	1
chr1	198064114	198064114	0.793626347839675	0.220083844025324
chr1	68880199	68880199	-1.02416368812663	1
chr1	76755143	76755143	-0.938542618695792	0
chr1	27669558	27669558	-0.481297341662896	1
chr1	105103343	105103343	-0.125581323109626	0
chr1	28435435	28435435	-1.06525035041129	1
chr1	55153115	55153115	-0.638748032769041	0
chr1	60966563	60966563	-3.90614773686873	0.570336538716219
chr1	20296733	20296733	-0.71004075046964	0
chr1	216791974	216791974	0.697548295280336	0.984019162579665
chr1	135290169	135290169	0.787175817483517	0.319184681737733
chr1	237299598	237299598	1.24192991145264	0.860120269425252
chr1	56644968	56644968	-0.901109135462237	0
chr1	14796828	14796828	-1.38972136108092	1
chr1	216691995	216691995	1.11290785804478	0.263094997296027
chr1	75077763	75077763	-0.893815160982553	1
chr1	139540835	139540835	0.713017317984468	0
chr1	196422321	196422321	0.252016228506546	1
chr1	12340004	12340004	-1.16740490274799	0
chr1	236451218	236451218	1.71477899622721	0.904895796714727
chr1	245562456	245562456	1.67578227912158	0
chr1	215945882	215945882	0.690886137046802	1
chr1	116459671	116459671	0.11231734096759	0.481979693955387
chr1	245938508	245938508	1.40006053428548	1
chr1	109699404	109699404	0.220952870532787	0
chr1	104609475	104609475	0.268788244788912	1
chr1	7318643	7318643	-1.17648640674035	0
chr1	88211220	88211220	0.052341180172918	1
chr1	188875111	188875111	0.637864691175218	0
chr1	72042168	72042168	-0.930077957180769	0.998656206617418
chr1	54795513	54795513	-1.20508837802274	0
chr1	56809946	56809946	-1.10822159344662	1
chr1	91441766	91441766	0.0574568004539461	0.362909553245516
chr1	75550862	75550862	-1.11230743959389	1
chr1	180462275	180462275	0.934435062685896	0.311373834286405
chr1	155165972	155165972	1.36916880630459	0.732557945049541
chr1	201623554	201623554	0.752779690446748	0.242617071175062
chr1	50543480	50543480	-0.981641932143722	1
chr1	129487503	129487503	0.905588565788587	0.26549580875677
chr1	225405086	225405086	3.16565812730364	0.945714663064717
chr1	232866606	232866606	3.52863359863179	0.165664395531419
chr1	172588456	172588456	0.296787593713125	1
chr1	195226991	195226991	0.872623661951666	0
chr1	201884790	201884790	0.602732999324195	0.752080371977095
chr1	41674706	41674706	-1.12489321528627	0
chr1	151149866	151149866	1.00492991759883	1
chr1	63330912	63330912	-0.87872919873148	0
chr1	174474983	174474983	0.889281815783172	1
chr1	214503631	214503631	0.928290858003125	0
chr1	113509593	113509593	-0.110194295021721	0.531883165203594
chr1	25619314	25619314	-1.04889477771752	0
chr1	75444373	75444373	-1.30254190066525	1
chr1	181271138	181271138	0.686101927363047	0.275832128990328
chr1	66498297	66498297	-1.04045010827633	1
chr1	65555914	65555914	-1.44054742441817	0
chr1	143132886	143132886	0.323923038137053	0.735389314918332
chr1	189136023	189136023	0.768513678461784	0
chr1	115487379	115487379	-0.136338649391736	1
chr1	91484951	91484951	0.278695425115229	0
chr1	199446295	199446295	0.608739623923648	1
chr1	63096604	63096604	-1.00050529939991	0
chr1	166332088	166332088	0.982140186754654	0.775465802812986
chr1	23405701	23405701	-0.753938597683138	0
chr1	242212186	242212186	1.1495689953026	0.958323762188848
chr1	42263588	42263588	-1.37062837726774	0
chr1	232958240	232958240	3.86712699307823	0.83727735837811
chr1	113801683	113801683	0.0279800436559711	0
chr1	182045520	182045520	0.899472255024997	0.750545132615015
chr1	207275080	207275080	0.771873478832218	0
chr1	58473353	58473353	-1.38412891067062	0.996414693109657
chr1	97406890	97406890	0.26453859510419	0.38914883261333
chr1	246610609	246610609	1.54261962281295	1
chr1	4443550	4443550	-1.12269789772307	0.0296317532581623
chr1	242256867	242256867	1.6795294340807	1
chr1	133059236	133059236	0.787132557991415	0
chr1	46270326	46270326	-1.0032147012468	1
chr1	130387084	130387084	0.873094852884749	0
chr1	94851529	94851529	-0.580221558074415	0.609289147497428
chr1	72255528	72255528	-0.954477593630328	0
chr1	59147373	59147373	-0.924416569916636	0.943271510634374
chr1	38867994	38867994	-0.917788875743955	0
chr1	62859146	62859146	-5.4695597655873	0.577259476413019
chr1	230008435	230008435	3.3942786655791	0
chr1	248267440	248267440	1.85815383984042	1
chr1	116806050	116806050	-0.318615908745151	0
chr1	40380459	40380459	-0.936706464492505	1
chr1	156959753	156959753	0.971821696899461	0
chr1	111842275	111842275	-0.00208202162836121	0.987186907338122
chr1	243115599	243115599	1.52286961347797	0.0610515861134896
chr1	11104453	11104453	-1.06593956409855	1
chr1	110550487	110550487	-0.109318926450858	0.540947490976157
chr1	6898965	6898965	-0.989717093806509	1
chr1	220856230	220856230	2.73614197355967	0.0863471641051664
chr1	29762463	29762463	-1.1632048745665	1
chr1	102561993	102561993	0.174339667535925	0.45423110823912
chr1	81766714	81766714	-1.12853181000535	1
chr1	82141987	82141987	-0.742001982126123	0.00655462286396752
chr1	58778713	58778713	-1.1809854367912	1
chr1	222575027	222575027	2.97104694431353	0
chr1	82572068	82572068	0.288245475947792	0.574099390085665
chr1	139124740	139124740	0.87065220737423	0.208895916702157
chr1	219264139	219264139	0.870223385841921	1
chr1	244465976	244465976	1.65620800963629	0
chr1	33401549	33401549	-0.619464657908598	1
chr1	64733607	64733607	-0.928165812121829	0
chr1	214872135	214872135	0.465093947141419	1
chr1	134189257	134189257	0.55482633347636	0.252196669674124
chr1	104667711	104667711	-0.00508967121196216	0.520934646480277
chr1	44153590	44153590	-0.722743394491171	0
chr1	56508368	56508368	-0.66713462756885	1
chr1	94094265	94094265	0.256258000028955	0
chr1	167184464	167184464	0.883684632822504	0.727214942152407
chr1	196199600	196199600	1.26425953709651	0
chr1	85295638	85295638	0.00832616724901537	0.515730256720484
chr1	152233739	152233739	0.75370461803263	0
chr1	141491576	141491576	0.821127808975947	1
chr1	51032991	51032991	-0.83138761747395	0
chr1	1318076	1318076	-0.71957117349271	1
chr1	101306612	101306612	0.00779052914711036	0
chr1	14166101	14166101	-0.783329452334486	1
chr1	29326131	29326131	-1.31782869239533	0
chr1	90718837	90718837	-0.344607022168219	1
chr1	66183386	66183386	-1.36542632587484	0
chr1	169853365	169853365	0.617685030513181	1
chr1	41305157	41305157	-0.987889529996265	0
chr1	186748664	186748664	1.06200182440702	0.666969503648021
chr1	247526168	247526168	1.55625641166202	0
chr1	192720362	192720362	0.767809021199518	0.726400434220595
chr1	171462542	171462542	1.02541665775305	0
chr1	102361695	102361695	0.0277367115292887	1
chr1	226040988	226040988	3.43067559382472	0.166609695010789
chr1	16341571	16341571	-0.797560161767584	1
chr1	94320408	94320408	-0.111457088915729	0.45101285223725
chr1	137368914	137368914	0.789973994061454	0.763876361332883
chr1	85728295	85728295	0.0234894088641162	0.388671812177844
chr1	31435106	31435106	-1.40321534398444	1
chr1	245355681	245355681	1.6038272167238	0
chr1	211978079	211978079	0.80706269440112	0.997296949140941
chr1	204853516	204853516	1.06563800162926	0
chr1	107088929	107088929	0.110634901369897	1
chr1	159879762	159879762	0.714933969177542	0.269181102853467
chr1	68627596	68627596	-0.947999838835252	1
chr1	172778093	172778093	0.855658991623119	0
chr1	80273001	80273001	-1.02798997274053	1
chr1	28331020	28331020	-0.852207193402646	0
chr1	49077447	49077447	-1.41517874583288	0.929912871577141
chr1	133600165	133600165	0.749018349614001	0.188612917582084
chr1	196549460	196549460	1.11086624729954	1
chr1	143460769	143460769	0.990097568625658	0
chr1	169842148	169842148	0.697160473966028	1
chr1	242557676	242557676	1.95180328001672	0
chr1	114775257	114775257	-0.0238161206122564	1
chr1	93577395	93577395	-0.0929533865506841	0
chr1	230793127	230793127	3.73060102208508	0.874125213158764
chr1	240353663	240353663	1.80322147942544	0.0345795540121408
chr1	14854267	14854267	-0.87643917142812	1
chr1	93327893	93327893	0.211162305560034	0.365556891225378
chr1	216566537	216566537	1.15694102438948	0.752252465223012
chr1	71894075	71894075	-1.22517660279026	0
chr1	158059699	158059699	0.661460568042676	1
chr1	72664411	72664411	-1.5488856343598	0
chr1	110586429	110586429	-0.106370256747525	1
chr1	129726459	129726459	0.826667857965064	0.223185927643392
chr1	183833071	183833071	0.71478023779172	0.761426814739317
chr1	161922882	161922882	0.756621413449027	0
chr1	227261101	227261101	3.40482690280332	0.774243745320994
chr1	5705626	5705626	-1.00697488554507	0
chr1	230030976	230030976	3.31685057484182	0.836266859894782
chr1	87611072	87611072	-0.32735359749627	0
chr1	223001855	223001855	2.71745018065632	1
