chr	start	end	lrr	baf
chr1	9955928	9955928	-1.22239813516673	1
chr1	48619725	48619725	-1.36350413873205	0
chr1	39640184	39640184	-0.990542416385845	1
chr1	208821496	208821496	-0.308074263665612	0
chr1	212069330	212069330	0.318351459014641	0.511216086288233
chr1	75298375	75298375	-1.04171978656933	0
chr1	147930692	147930692	0.290909842897633	0.570690958616052
chr1	113222725	113222725	-0.0548557499013526	0
chr1	119737734	119737734	0.123844738224879	1
chr1	226669477	226669477	-0.0892020883265308	0
chr1	114364655	114364655	-0.000687579088579585	0.515977412797283
chr1	78919697	78919697	-1.14945592421392	0
chr1	71768986	71768986	-1.11641262852872	1
chr1	173320786	173320786	0.219233942527213	0
chr1	216407502	216407502	-0.204146042137329	1
chr1	112092222	112092222	-0.182572247805623	0
chr1	238787659	238787659	0.389014983534763	0.997019794276547
chr1	189721164	189721164	-0.148129104373283	0.404669822805693
chr1	131410405	131410405	-0.0397088622805667	1
chr1	230468157	230468157	0.21360885160134	0
chr1	167737072	167737072	-0.00297459822934118	1
chr1	186107619	186107619	0.140791356175641	0.459052659947265
chr1	18262607	18262607	-1.09084265454689	1
chr1	107063670	107063670	-0.121520195425041	0
chr1	167167	167167	-1.07657142432204	1
chr1	144493132	144493132	0.2045782159271	0
chr1	38367620	38367620	-1.07447450443859	1
chr1	213936622	213936622	-0.309533507163794	0
chr1	162596448	162596448	-0.0438268561246265	1
chr1	36515767	36515767	-1.09707019239398	0
chr1	36812815	36812815	-0.679663993712908	1
chr1	196923153	196923153	-0.0663890547804711	0
chr1	6188013	6188013	-1.06284634656301	1
chr1	248027675	248027675	0.208530947931455	0
chr1	95885363	95885363	0.138131532620139	0.544878506598646
chr1	98277237	98277237	0.0385432873039378	0
chr1	235140121	235140121	0.0421740032561079	1
chr1	176300224	176300224	0.0569217538221	0
chr1	108479779	108479779	0.156850782481158	1
chr1	144593636	144593636	-0.0776645945148504	0.474596949527415
chr1	5105333	5105333	-0.777640138131941	1
chr1	205273384	205273384	-0.233343120302892	0
chr1	45965124	45965124	-1.20030133556431	1
chr1	16588545	16588545	-0.908670520370078	0.00256162077309181
chr1	101114826	101114826	0.116829580042732	1
chr1	70251217	70251217	-0.88922778756623	0.0239576498482569
chr1	31743008	31743008	-0.950532249635427	1
chr1	198050376	198050376	-0.21930034067256	0
chr1	101091362	101091362	0.0473644077919231	0.4331684943227
chr1	179604567	179604567	-0.130960893169636	0
chr1	77372388	77372388	-1.18523849080878	1
chr1	54531802	54531802	-0.942781871433898	0
chr1	17520013	17520013	-1.16620628113106	1
chr1	30911966	30911966	-0.944983025535628	0
chr1	152211964	152211964	-0.274550782581966	1
chr1	185899471	185899471	-0.372878797225898	0.403020249591872
chr1	117695530	117695530	0.300756308197144	1
chr1	160354690	160354690	-0.512461263787817	0
chr1	14524476	14524476	-1.33484887573663	1
chr1	160622148	160622148	-0.326189933725326	0.481099191223746
chr1	90253208	90253208	0.368418870841512	1
chr1	182844569	182844569	-0.102519152987263	0.440795001582577
chr1	85970165	85970165	-0.290503192890112	1
chr1	212422833	212422833	-0.260952156953231	0.506237644941872
chr1	152024724	152024724	-0.272136977006916	0.521347286788726
chr1	50945327	50945327	-1.11639081088189	0.0237901301269241
chr1	25982703	25982703	-1.01604984478846	1
chr1	108256758	108256758	0.32207669133486	0.42906745925308
chr1	189184660	189184660	-0.233385069305826	0.561317672056273
chr1	140171502	140171502	-0.0793821217793668	0
chr1	146255639	146255639	-0.0364253037922574	0.471327910690976
chr1	130683531	130683531	-0.0462582201055673	0.459562091784347
chr1	213696079	213696079	0.109730416133026	1
chr1	225858344	225858344	-0.0358246499667045	0.399312762762102
chr1	22064922	22064922	-1.20986034789765	1
chr1	92622731	92622731	0.0747394403556806	0
chr1	96296593	96296593	-0.00934953103528193	0.604236694103574
chr1	18458756	18458756	-1.12011951283368	0
chr1	203113327	203113327	-0.265763951536771	0.573283706258322
chr1	241962950	241962950	0.105372960761341	0.45525837798536
chr1	223093274	223093274	-0.0813454427361086	0.515872556740586
chr1	101405825	101405825	-0.155174840492162	0.431179383113561
chr1	57849759	57849759	-1.19946532148069	1
chr1	148357342	148357342	-0.248207579750057	0
chr1	67749389	67749389	-1.22618616960295	1
chr1	181858785	181858785	0.212277547765448	0.40372479085064
chr1	233190746	233190746	0.129830281980092	0.506503431587674
chr1	207822375	207822375	-0.240924397852664	0.421975187845055
chr1	38175755	38175755	-0.820196691078325	1
chr1	104371300	104371300	0.0490643528502884	0.48117806415742
chr1	29560902	29560902	-0.757415094437776	1
chr1	14101884	14101884	-1.0219983301908	0.00389228410325228
chr1	198519442	198519442	0.023565717227742	0.53773637260876
chr1	114682032	114682032	-0.315542191445923	0.347731668726052
chr1	192211429	192211429	0.0665327359479402	0.983429340592042
chr1	121177257	121177257	0.192374582167619	0.493750900555924
chr1	199057786	199057786	0.0636641562717299	0.588133560759444
chr1	188189468	188189468	-0.256110952140372	0.0561531225914778
chr1	37929510	37929510	-1.32864065944856	1
chr1	46773900	46773900	-1.15935490860753	0
chr1	243075900	243075900	-0.617179041528568	0.485998718614031
chr1	160690357	160690357	-0.136568930404344	0
chr1	157614010	157614010	0.0196400064694594	1
chr1	44086919	44086919	-0.519611235734893	0.0681478518919691
chr1	222795676	222795676	0.0552455993231875	1
chr1	179343905	179343905	-0.2129835328502	0.403193004601159
chr1	103258183	103258183	-0.0669727275737041	1
chr1	139481226	139481226	0.0656738530266394	0
chr1	167522680	167522680	-0.275941644506956	1
chr1	74934143	74934143	-0.744292598340298	0
chr1	157435583	157435583	0.340832941334449	1
chr1	89956369	89956369	-0.195782908095571	0
chr1	149040308	149040308	-0.222573601301608	0.536750565638633
chr1	83077658	83077658	-0.0643399009350581	0.00720081544084631
chr1	246957573	246957573	0.361917687987293	0.520611482007896
chr1	63661777	63661777	-0.77232702213024	0
chr1	175195478	175195478	0.0561526238764959	0.625647288207542
chr1	192813643	192813643	-0.374422700341664	0
chr1	87698475	87698475	-0.125386857408771	1
chr1	1104555	1104555	-0.696387854082803	0.0209924199181169
chr1	138202932	138202932	0.226539457510596	1
chr1	180846382	180846382	-0.204323874130149	0.461382933010335
chr1	108124390	108124390	-0.0216039162866661	0.973407268870405
chr1	101669444	101669444	-0.0827230511177407	0
chr1	48242268	48242268	-0.890276968020067	1
chr1	176651065	176651065	0.0322238476631804	0.503847836721087
chr1	21194464	21194464	-0.931714198219323	1
chr1	144124536	144124536	-0.192809744616791	0
chr1	238701618	238701618	0.193846886718444	0.597423987510407
chr1	9955588	9955588	-1.0229812873279	0
chr1	55745277	55745277	-1.23699351261531	1
chr1	43861566	43861566	-1.2083644755779	0
chr1	101491072	101491072	0.143203725425609	0.506255405046734
chr1	1951728	1951728	-0.876026961765484	0
chr1	86135733	86135733	0.247399940203008	0.575449244990209
chr1	86305535	86305535	-0.095991691068672	0.48000057543734
chr1	164903544	164903544	-0.27501819700894	0.99980398972556
chr1	35147248	35147248	-0.862221085664055	0
chr1	163736537	163736537	0.188230427103202	0.608399260600424
chr1	110209280	110209280	0.0730970053131958	0.112252712217466
chr1	247854182	247854182	0.13959256068641	0.60006032593938
chr1	156745419	156745419	-0.339200212795842	0
chr1	100085180	100085180	-0.113616151027196	1
chr1	42705072	42705072	-1.23819782870706	0.0216240527305574
chr1	45575997	45575997	-1.38594248295651	1
chr1	212898986	212898986	0.404170029012369	0.396821941989859
chr1	233690011	233690011	0.220423218553069	0.580080949567239
chr1	3559849	3559849	-0.887573062378204	0
chr1	9179656	9179656	-1.26153778768698	0.959116919249469
chr1	165088221	165088221	0.313579232318179	0.471661505069294
chr1	135002069	135002069	0.0402490970573305	0.552792196223602
chr1	51592097	51592097	-1.11376879997569	0
chr1	240244581	240244581	-0.178816289246949	1
chr1	7994650	7994650	-0.863528069298623	0
chr1	100655445	100655445	-0.0317925819507726	1
chr1	81314658	81314658	-0.983262071306058	0
chr1	69975596	69975596	-0.959046601747403	1
chr1	54172207	54172207	-1.13316662228999	0
chr1	60929938	60929938	-4.73037598663823	0.990851763519458
chr1	91625267	91625267	0.00901509761447282	0
chr1	139682175	139682175	-0.0700961810897107	0.569826304441552
chr1	215150326	215150326	0.203700015448555	0
chr1	29739632	29739632	-0.446519254830529	1
chr1	62244885	62244885	-2.49421509800112	0.395080636371858
chr1	89991745	89991745	0.0464653097872251	0.561989345682878
chr1	168826946	168826946	-0.197392942431455	0
chr1	80744624	80744624	-0.812787583276511	1
chr1	137990842	137990842	0.112757162623876	0
chr1	107719303	107719303	0.0414563078964022	0.522605721913743
chr1	172583788	172583788	0.0572590260795264	0.437504903044389
chr1	81188198	81188198	-1.29373841353712	1
chr1	51930874	51930874	-0.798430970064189	0.0346069297058432
chr1	94349468	94349468	-0.00916542464922327	1
chr1	131185253	131185253	0.130319374753041	0
chr1	74244715	74244715	-1.07184238884874	1
chr1	223884909	223884909	0.102784356483196	0.468644606839097
chr1	37853724	37853724	-0.937847405000334	1
chr1	114464193	114464193	0.0332842227607894	0.464837559145624
chr1	213718634	213718634	-0.498279477691881	1
chr1	27285237	27285237	-1.07106245853915	0
chr1	23043556	23043556	-0.996125326941199	1
chr1	242970892	242970892	0.154360695925673	0.527616634564458
chr1	26870385	26870385	-0.895577994378989	1
chr1	82935328	82935328	0.0302410459213213	0.468214435353376
chr1	222515178	222515178	-0.0148042925308495	1
chr1	26012182	26012182	-1.01667401025479	0
chr1	14008636	14008636	-0.917582681072432	1
chr1	144115297	144115297	0.0855726415275858	0.0070202525077832
chr1	80119915	80119915	-1.09253873038401	1
chr1	235330618	235330618	-0.0479448354980787	0
chr1	68301471	68301471	-0.908617255600626	1
chr1	14503115	14503115	-0.914846161236051	0
chr1	232824832	232824832	-0.136213162991648	0.65885916610889
chr1	51504208	51504208	-0.976898784456911	0
chr1	118097907	118097907	-0.145093230492414	0.543881798260611
chr1	39192424	39192424	-1.22192971403389	0
chr1	35344247	35344247	-0.969526462379233	1
chr1	153692437	153692437	-0.337548892431603	0
chr1	51939386	51939386	-0.954701961400228	1
chr1	3349973	3349973	-0.482746135305516	0
chr1	229741226	229741226	-0.313631585243325	0.560059244993298
chr1	82303320	82303320	-1.06752948102855	0
chr1	168862523	168862523	-0.112474241053585	1
chr1	34444636	34444636	-1.05289908640262	0
chr1	224621340	224621340	0.182274343304603	1
chr1	136598428	136598428	-0.389804766315509	0
chr1	93553671	93553671	-0.232176567699175	1
chr1	174493590	174493590	0.0155426616418058	0.406942614035614
chr1	21365849	21365849	-1.12975536056289	1
chr1	46105413	46105413	-1.13043710488447	0
chr1	30679929	30679929	-0.954482960723857	1
chr1	167491162	167491162	0.239071697538584	0.366622274773774
chr1	94641354	94641354	0.199197555483397	1
chr1	225937938	225937938	0.0416076850180643	0
chr1	190201891	190201891	0.278293020607014	1
chr1	134790007	134790007	0.189262711730783	0
chr1	168738578	168738578	-0.147312232474622	0.542893863640614
chr1	84106818	84106818	-0.0179464918990261	0.387141630131251
chr1	217488576	217488576	-0.278071609365291	0.423460923924712
chr1	192982135	192982135	-0.25727244755475	0.386191714011018
chr1	207340675	207340675	-0.0320411221647364	1
chr1	130722068	130722068	0.0924055596575682	0.407300807621096
chr1	175125293	175125293	-0.129115408293802	0.526442063319476
chr1	209823448	209823448	-0.203658769947331	0
chr1	144419476	144419476	-0.143337970362409	0.562922356443917
chr1	223741144	223741144	0.192933827163212	0.392479371283166
chr1	183128785	183128785	-0.0639119260004359	1
chr1	76432721	76432721	-1.07365205972281	0
chr1	116068014	116068014	-0.024006852740836	0.637500971236511
chr1	227132578	227132578	-0.214004582898846	0.372262473565152
chr1	51309521	51309521	-0.738406531521655	1
chr1	99070555	99070555	0.134650622301335	0.384214854302414
chr1	22090501	22090501	-0.999092787962395	0.999370399772905
chr1	4628959	4628959	-0.885860767972319	0
chr1	157579483	157579483	0.234576158313092	0.976591631585111
chr1	82242514	82242514	-0.864798528096575	0
chr1	84854791	84854791	0.286812591248503	1
chr1	133956243	133956243	-0.119822632426798	0.429307081455095
chr1	54987598	54987598	-1.19642245487966	0.994150838562295
chr1	228494414	228494414	-0.0143204446410376	0
chr1	237443528	237443528	0.334202583714861	1
chr1	247160901	247160901	0.141197502593521	0
chr1	200965358	200965358	0.233863299889362	1
chr1	174915228	174915228	-0.0225295953680663	0.0102836074877247
chr1	61526064	61526064	-5.11604602141127	0.940581635688432
chr1	2618619	2618619	-0.674912061607522	0
chr1	239416113	239416113	0.0646912608216764	0.591981284462476
chr1	19299340	19299340	-0.923007635631417	0
chr1	232681706	232681706	0.0534221182865007	0.559033356284639
chr1	157760131	157760131	0.177256653114835	0
chr1	32750783	32750783	-0.789388369840463	1
chr1	151051545	151051545	-0.0109236662483512	0
chr1	151365637	151365637	0.155715302899838	1
chr1	102339964	102339964	-0.114085010093176	0.468394830634106
chr1	198463834	198463834	0.225839624683376	1
chr1	131341462	131341462	-0.094128394590441	0
chr1	46755574	46755574	-1.00087970034901	1
chr1	42371383	42371383	-0.904406677654732	0
chr1	217721814	217721814	0.382027901976542	0.584090019552688
chr1	237226152	237226152	-0.111392063472608	0.541676249495494
chr1	76045880	76045880	-0.94441631061163	0.995950024182224
chr1	177811112	177811112	0.0556466473886722	0.462995466664407
chr1	138270325	138270325	-0.155199366229582	0.591260291695502
chr1	16336535	16336535	-1.20343011622791	0
chr1	112383503	112383503	0.248230140186221	1
chr1	237012451	237012451	-0.324422347919661	0
chr1	40774396	40774396	-0.806524574800714	0.984882990609489
chr1	156183257	156183257	-0.187297313488979	0.45405393142964
chr1	129838751	129838751	-0.0299562026046438	0.496717738293004
chr1	40602964	40602964	-0.996219039816453	0.0542327320975145
chr1	206592776	206592776	0.00190964690865106	1
chr1	163050819	163050819	-0.0831690838709066	0
chr1	164856155	164856155	0.0238349655633341	1
chr1	141407390	141407390	0.245575545539776	0
chr1	166782069	166782069	0.0376811325586913	1
chr1	170372276	170372276	-0.0864946463319397	0
chr1	180005145	180005145	-0.0120184634852283	0.60261446415442
chr1	120572496	120572496	0.122400092725024	0.447742819046779
chr1	228222498	228222498	0.134086990319518	1
chr1	223521307	223521307	0.0811064715496218	0.533182511406455
chr1	22578179	22578179	-0.813571342897372	0.981341821515359
chr1	80875641	80875641	-1.09919526131854	0.100531568570802
chr1	137471407	137471407	0.213621262005746	1
chr1	169022457	169022457	-0.0368049119850939	0.40295525970077
chr1	178750544	178750544	-0.408297974705474	0.567051481934234
chr1	143838782	143838782	0.0243109587468207	0
chr1	99770318	99770318	0.390620525649167	1
chr1	154945001	154945001	-0.330362403061407	0
chr1	141041789	141041789	-0.189966029570589	1
chr1	92297661	92297661	-0.192235112245117	0.0654170505409149
chr1	39605094	39605094	-0.923161051015291	1
chr1	180219638	180219638	0.14530570629034	0
chr1	96678888	96678888	-0.1455674722762	0.93891467119911
chr1	76635608	76635608	-0.89597181493133	0
chr1	20792958	20792958	-0.678841571235149	0.980102193617801
chr1	13569670	13569670	-0.961444991470611	0
chr1	186156197	186156197	-0.0591198187271185	1
chr1	169737697	169737697	0.116626415561389	0
chr1	94943732	94943732	0.0641211080349842	0.612299115504778
chr1	96727300	96727300	-0.248673215680773	0
chr1	221474347	221474347	0.197462895296425	1
chr1	86435830	86435830	-0.123991767793539	0
chr1	121200694	121200694	0.609673886623536	0.471859433573066
chr1	186161148	186161148	0.187643899729211	0.0123696089263708
chr1	18920597	18920597	-0.835447717541312	1
chr1	246172695	246172695	0.107422620109119	0
chr1	8868311	8868311	-1.02562267837738	1
chr1	158641379	158641379	-0.0804570028615395	0.430636299451495
chr1	220863890	220863890	0.0157492708089071	0.564394248712227
chr1	87136674	87136674	0.0751359207184874	0
chr1	112140337	112140337	-0.17970447558907	0.645676143480546
chr1	227586720	227586720	0.486828024798291	0.389720127752131
chr1	22304363	22304363	-0.711186124810318	1
chr1	182809156	182809156	0.125537479231115	0.391707950990259
chr1	61525178	61525178	-2.90112893100888	0.995911628007889
chr1	80017065	80017065	-0.999036409600633	0
chr1	84219682	84219682	-0.129312645310778	0.588358791044685
chr1	244773974	244773974	0.0995717225775851	0
chr1	238852630	238852630	-0.0247603829499515	0.974169383391266
chr1	104055420	104055420	0.134596409332957	0.413831805309012
chr1	49451323	49451323	-0.979084712658791	1
chr1	99871844	99871844	-0.0484195600097143	0
chr1	53325160	53325160	-0.83905078701671	1
chr1	56357352	56357352	-0.980160994651894	0
chr1	164071332	164071332	-0.00445160867291811	0.560434712801954
chr1	111878480	111878480	-0.0295738075407844	0.44351978550917
chr1	22271501	22271501	-1.14564611310505	1
chr1	232617052	232617052	-0.0487643933545654	0.373064131076584
chr1	228646675	228646675	0.0671569262186261	0.994899855426195
chr1	182227749	182227749	0.266637611773643	0.0106294850919655
chr1	151080000	151080000	0.171796899539053	0.469585744579642
chr1	69857562	69857562	-1.07912334465436	0.047370062404349
chr1	13845298	13845298	-1.10474076379585	1
chr1	91019225	91019225	-0.0602568816455521	0.442288232121804
chr1	90087981	90087981	0.357345957702068	1
chr1	163737849	163737849	0.283647140368856	0.356800563508288
chr1	197578550	197578550	-0.0574033593415127	0.522854604593704
chr1	46536989	46536989	-1.0999074154584	0
chr1	146243445	146243445	0.0926137466950264	1
chr1	165280605	165280605	0.231910456556002	0.439496963070255
chr1	95230301	95230301	0.443513320619477	1
chr1	134576981	134576981	-0.221661081751158	0
chr1	226141329	226141329	0.0455667909374241	1
chr1	143311667	143311667	-0.226440968909882	0.45196510583018
chr1	248944708	248944708	-0.165060108671081	1
chr1	231367740	231367740	0.0754175194157749	0.498950106153693
chr1	92243455	92243455	0.148699211640688	0.568497126327146
chr1	53542983	53542983	-1.25959263471156	0
chr1	134258755	134258755	0.087432701060032	0.665069133984023
chr1	207574085	207574085	-0.312043184786209	0.481694780138574
chr1	193543259	193543259	-0.0790061825536771	0.543522540795486
chr1	13621686	13621686	-1.08104269625267	0
chr1	45998985	45998985	-0.712653114338276	1
chr1	112044812	112044812	-0.198229397899728	0
chr1	74134344	74134344	-1.3661119551165	1
chr1	111320915	111320915	-0.280066830536364	0.461147990710353
chr1	184090629	184090629	-0.128043393450894	1
chr1	144694284	144694284	0.169753973594271	0.453176784806655
chr1	76900405	76900405	-1.1340579294995	1
chr1	210952479	210952479	0.0527460937077256	0.0577107905126965
chr1	163875414	163875414	0.236398338314285	1
chr1	151435153	151435153	-0.508309960690085	0
chr1	164657459	164657459	-0.0912568138570533	0.533601037891182
chr1	207100876	207100876	-0.165018845399696	0.394930812925543
chr1	7950341	7950341	-0.876160056871308	1
chr1	19094730	19094730	-0.925305152082198	0.0128183054110704
chr1	70303071	70303071	-0.82490537240425	1
chr1	2260534	2260534	-0.942229018377268	0.00432633208355006
chr1	74935421	74935421	-0.704679041427648	1
chr1	216500037	216500037	0.17423285514496	0.437698408051732
chr1	140176019	140176019	0.115760359182654	1
chr1	207461467	207461467	-0.00254974605938604	0
chr1	188639761	188639761	-0.22142570711116	1
chr1	114983492	114983492	-0.168892708973327	0
chr1	152655967	152655967	0.337816514220667	0.567316334410039
chr1	85352516	85352516	-0.290912344438455	0
chr1	146801819	146801819	-0.00314398375403968	0.436410613165935
chr1	34443603	34443603	-0.706677293440412	0
chr1	211650840	211650840	-0.0374898307878343	0.572872837608546
chr1	52183658	52183658	-1.24250684588764	0
chr1	247700229	247700229	0.0944629112936662	0.530230790724684
chr1	28127320	28127320	-0.975380815402324	0
chr1	66862180	66862180	-0.808450057484523	1
chr1	1776465	1776465	-0.640951466267455	0
chr1	147627665	147627665	0.187254733024371	0.458071189718951
chr1	137777615	137777615	0.0803907412891214	0
chr1	5418245	5418245	-0.92098384750943	1
chr1	172643509	172643509	-0.081252675177218	0
chr1	232753427	232753427	0.00405503773230252	1
chr1	102146283	102146283	-0.460552502759931	0
chr1	214815448	214815448	0.0655902132996249	0.472999057057954
chr1	74299991	74299991	-1.09883790274253	0
chr1	92569390	92569390	-0.536835587833428	0.592174173613563
chr1	119803114	119803114	-0.202990498704239	0.0850127178730257
chr1	234715412	234715412	0.0991555311395669	0.458348054297601
chr1	108933551	108933551	0.13484962233789	0.428651163758682
chr1	166414836	166414836	0.267808018269642	0.514205233346029
chr1	50528516	50528516	-1.01856744787003	0
chr1	178175886	178175886	-0.162454806079663	1
chr1	168986059	168986059	-0.300082246295611	0
chr1	108070855	108070855	0.0218894792596228	0.584308938421464
chr1	195509157	195509157	0.591873757917771	0.40481957707586
chr1	152541248	152541248	0.210206540510044	0.554663665816986
chr1	74981591	74981591	-1.33845439666695	0.0775437424983609
chr1	62730996	62730996	-1.64313151736142	0.751421633292921
chr1	137192443	137192443	-0.0731768196737337	0.669706614455127
chr1	178022562	178022562	0.161680905288021	0.5332881321633
chr1	34391709	34391709	-1.32262475778823	0
chr1	74620248	74620248	-0.901890750923255	1
chr1	176633778	176633778	-0.254472334402641	0
chr1	112829281	112829281	0.0260740030549899	0.56988495303025
chr1	211632441	211632441	-0.0488478396087287	0
chr1	231587713	231587713	0.0910451066323452	1
chr1	178227759	178227759	0.107767900869744	0.556583602390447
chr1	215597816	215597816	0.0624596726405863	1
chr1	220680329	220680329	-0.166816196251343	0.501779606062495
chr1	35879455	35879455	-1.27255144267712	1
chr1	44361937	44361937	-0.987026166613714	0
chr1	82374566	82374566	0.229880250894465	0.542400051273039
chr1	182987385	182987385	0.00820728836563739	0.4284301753609
chr1	190227048	190227048	0.158009092581274	0.533889768296195
chr1	64994645	64994645	-1.29087934878437	0
chr1	107735280	107735280	0.142096494960636	1
chr1	226599224	226599224	-0.294191601214355	0.515581272815764
chr1	11671882	11671882	-0.993986018679148	1
chr1	175246402	175246402	-0.315933456172301	0
chr1	58550075	58550075	-0.650836934539731	1
chr1	207342775	207342775	0.20505006132804	0.407894166722779
chr1	223196618	223196618	-0.315602455465447	0.674396692210008
chr1	143372303	143372303	0.136896535469052	0.426387422312865
chr1	209011017	209011017	0.574771583743266	1
chr1	67801003	67801003	-0.810916491857029	0
chr1	57146412	57146412	-1.1809062991643	1
chr1	174319551	174319551	-0.0208860944061912	0
chr1	223196199	223196199	-0.0300122219962385	0.603000480096524
chr1	230472681	230472681	0.0744681081530235	0.468936394706925
chr1	54260339	54260339	-0.883961316556597	1
chr1	171291050	171291050	0.0368074377041396	0
chr1	52368698	52368698	-1.18948310028308	1
chr1	40321417	40321417	-1.01931146580013	0
chr1	171020154	171020154	-0.356368306021271	0.967562533258919
chr1	13218805	13218805	-1.3242129235051	0
chr1	116745155	116745155	0.238798698094913	1
chr1	196859079	196859079	-0.0372315320948986	0
chr1	157653111	157653111	0.174624775826124	0.984217220558412
chr1	211346212	211346212	-0.282142594633268	0.416746717570051
chr1	203624378	203624378	-0.0125160537144921	0.52464440073197
chr1	55868161	55868161	-0.877115480806969	0
chr1	16726	16726	-1.34634677259731	1
chr1	49992268	49992268	-0.499885217334219	0
chr1	212038477	212038477	0.254027891669074	0.606472556022507
chr1	174460819	174460819	0.13636916097021	0
chr1	173276750	173276750	0.281977715124913	0.532022449736428
chr1	77751031	77751031	-1.10974031747152	0
chr1	180517593	180517593	0.11960743994608	0.99655202998529
chr1	96149206	96149206	-0.230399752862944	0.0690955556659677
chr1	63064340	63064340	-1.05423217644825	1
chr1	234103420	234103420	-0.411467452288302	0.0123968441859041
chr1	46067367	46067367	-0.847916290268076	1
chr1	187269172	187269172	0.0333338967713451	0.0187010528914132
chr1	32169451	32169451	-1.23046426007294	0.991637453036458
chr1	204478975	204478975	-0.15041788270587	0
chr1	161380091	161380091	-0.0590753617507205	0.617569770470842
chr1	54773367	54773367	-0.89245780333532	0
chr1	96352947	96352947	0.195043294693374	1
chr1	143780462	143780462	0.221963733108631	0
chr1	46494436	46494436	-0.909293587625889	0.972256893678231
chr1	23679140	23679140	-1.14760396060217	0
chr1	144497128	144497128	0.0219458456458714	0.532824366122339
chr1	92936060	92936060	-0.147140224921547	0.470179219944281
chr1	231567710	231567710	0.478789165275315	0.624099237143088
chr1	184440204	184440204	0.192500251942192	0.44241965365075
chr1	191661717	191661717	0.306650689797511	0.524676939434223
chr1	49055094	49055094	-0.763157399492541	0
chr1	69633735	69633735	-1.2823217499843	1
chr1	69048751	69048751	-0.925584931905039	0
chr1	43743383	43743383	-1.03234246758772	1
chr1	183941195	183941195	0.0427051130218147	0.520923899663306
chr1	217668185	217668185	-0.248958533407755	1
chr1	58923439	58923439	-1.22944939199138	0
chr1	131338336	131338336	-0.168468974391605	1
chr1	196255980	196255980	-0.18812691019092	0.450929942331277
chr1	172230206	172230206	0.08812378191029	1
chr1	203695432	203695432	-0.0257203676076945	0.00411392775619886
chr1	119533911	119533911	-0.12267049103671	1
chr1	31891642	31891642	-1.1405748595471	0
chr1	89205964	89205964	-0.113704661118556	0.608448553678652
chr1	227980276	227980276	-0.135546377406206	0.526628405741821
chr1	44991818	44991818	-1.28077249448489	1
chr1	68067524	68067524	-1.17188577086359	0
chr1	140043679	140043679	0.220755372237435	0.585241062419496
chr1	7529177	7529177	-1.34229278877559	0
chr1	174197376	174197376	0.148125169084334	1
chr1	102409973	102409973	-0.0784556980371204	0.449645299715668
chr1	53366824	53366824	-0.977988173780093	1
chr1	86438428	86438428	0.316868098803514	0.442751122595618
chr1	185140519	185140519	0.191322224414396	0.531277285109253
chr1	199144593	199144593	0.0519273451793153	0.00292413969519421
chr1	36056833	36056833	-1.00943734776604	0.973850168327505
chr1	54594507	54594507	-0.999648211860907	0
chr1	53795922	53795922	-1.10672628447967	1
chr1	93750434	93750434	0.0836886210681169	0
chr1	193915291	193915291	0.196655182108587	1
chr1	201237711	201237711	0.109732428527096	0
chr1	220159113	220159113	0.38724287773599	1
chr1	196142333	196142333	-0.103506868077205	0.571188677885989
chr1	33047715	33047715	-1.08984767483336	1
chr1	118314204	118314204	0.186813589101189	0.0263386250096807
chr1	33537890	33537890	-0.969204506141619	1
chr1	155697445	155697445	0.236929803706808	0
chr1	89182233	89182233	-0.000778823658634154	0.981715591210727
chr1	189091995	189091995	0.393302163992483	0
chr1	46930148	46930148	-1.12160482567037	1
chr1	79500497	79500497	-1.16563218622441	0
chr1	5908914	5908914	-0.837828334123295	1
chr1	139581414	139581414	-0.328559023136083	0.523683908816309
chr1	139677254	139677254	-0.151257482441724	1
chr1	219664982	219664982	0.0995534350510285	0.340048230151178
chr1	102488940	102488940	-0.0888435410499204	0.483639041407513
chr1	121176196	121176196	-0.395707646745881	0
chr1	206444855	206444855	-0.00954497253440884	0.561099722023074
chr1	163463294	163463294	0.036258563633145	0
chr1	228963348	228963348	0.222292875777362	1
chr1	226653859	226653859	-0.0662020407612327	0
chr1	161482585	161482585	0.0351286048736276	0.497579112098018
chr1	7211977	7211977	-0.946302646067301	0
chr1	59390493	59390493	-1.12964944717255	1
chr1	77331234	77331234	-0.590276041188071	0
chr1	21390686	21390686	-1.17788846100935	1
chr1	58749628	58749628	-1.11997747021093	0
chr1	23303614	23303614	-0.858012022539984	1
chr1	183933504	183933504	0.156240171876036	0.382009266798344
chr1	9320043	9320043	-1.1878353290142	1
chr1	222927386	222927386	-0.362786867411001	0
chr1	238586860	238586860	-0.147685357307741	0.569168486721298
chr1	203870399	203870399	0.0134410689561893	0
chr1	48379123	48379123	-0.803327403747666	1
chr1	643536	643536	-0.965035389075805	0.0942264296693604
chr1	21956147	21956147	-0.802394651792415	1
chr1	55511647	55511647	-0.852261082345027	0
chr1	194920517	194920517	-0.164755548396192	1
chr1	8397192	8397192	-1.32898399487839	0.00831018081719957
chr1	232915791	232915791	-0.0362942510853247	0.481801004031158
chr1	165198159	165198159	-0.134447369027499	0
chr1	52701229	52701229	-0.721870464924813	1
chr1	191175624	191175624	-0.118141701082001	0.464770530115472
chr1	242476267	242476267	-0.129062645679868	0.967597959772569
chr1	55205503	55205503	-0.887675632610097	0
chr1	196148747	196148747	0.0121567262017255	0.986724794541413
chr1	11577121	11577121	-1.15306416669081	0.0476175603380818
chr1	99270678	99270678	0.125011822729244	0.610719041028647
chr1	64682146	64682146	-1.08981998456732	0.0337769705728265
chr1	103069144	103069144	0.275217287903822	0.56412452772631
chr1	192424952	192424952	-0.0644464044540008	0
chr1	60183343	60183343	-1.12709242260786	0.974522240041111
chr1	134277291	134277291	-0.207749216134183	0.381151209029898
chr1	73647022	73647022	-1.39578810480286	1
chr1	65194234	65194234	-1.10331914028749	0
chr1	235355890	235355890	-0.0320602185369287	0.521804918151358
chr1	77205408	77205408	-1.03793208448709	0
chr1	192837915	192837915	-0.0531535147311852	0.965918255711858
chr1	56821092	56821092	-0.79498003972042	0
chr1	188229980	188229980	0.114409469554242	1
chr1	5193301	5193301	-0.563203374755113	0
chr1	55802812	55802812	-1.06989632726135	1
chr1	29115848	29115848	-1.09999654104206	0.00922453561344788
chr1	174093897	174093897	0.157808760902774	0.628139693987059
chr1	102304065	102304065	-0.263654557603981	0
chr1	179473190	179473190	0.188172222423951	1
chr1	216777253	216777253	0.223502120522419	0
chr1	140915420	140915420	0.223025752508481	0.562491303305118
chr1	115063971	115063971	-0.162370124616099	0.47466433713173
chr1	244613825	244613825	0.010576961564076	1
chr1	177057428	177057428	0.129192115047661	0.363800028513127
chr1	65929137	65929137	-1.3850167883732	1
chr1	183015674	183015674	-0.326793531278281	0
chr1	103979088	103979088	0.280170841233679	0.989835236603269
chr1	244849746	244849746	0.500971767888502	0.380994776764669
chr1	31162234	31162234	-0.782652782298889	1
chr1	233928330	233928330	0.369928775339949	0.457032889445262
chr1	66703475	66703475	-1.13031637545173	1
chr1	227360219	227360219	-0.158460242462044	0.460404409061608
chr1	183207927	183207927	0.29575047009148	0.460236378853249
chr1	183490905	183490905	0.0102730390969711	0.488406214406694
chr1	190542477	190542477	0.0451368039192	1
chr1	57125563	57125563	-1.03661060194787	0
chr1	114556789	114556789	0.273570447437321	0.992063834583962
chr1	151880514	151880514	0.106062168217443	0.443286010149755
chr1	175342216	175342216	0.0864464405535402	1
chr1	159871455	159871455	0.136006325401932	0.41434142436496
chr1	90068371	90068371	0.0551426227990809	0.478432726593013
chr1	221094110	221094110	-0.171562472617995	0.5610516240118
chr1	86597297	86597297	-0.217881880657239	0.538494577215817
chr1	189443486	189443486	-0.374203552105799	0.00107817948947382
chr1	4556341	4556341	-1.05592308636094	1
chr1	75727327	75727327	-1.09510237357325	0
chr1	96643281	96643281	0.260029832580643	1
chr1	64464255	64464255	-0.735074586004776	0
chr1	210332131	210332131	-0.357078433673383	1
chr1	37083709	37083709	-0.876891441755056	0
chr1	57594526	57594526	-1.04246806270461	0.998552565844767
chr1	110305743	110305743	0.132686282981486	0
chr1	228502999	228502999	0.0117576490712807	0.990920174430753
chr1	224984248	224984248	0.384802475685089	0.439421696232174
chr1	2398064	2398064	-0.869475762099455	1
chr1	119098178	119098178	0.0385280032985361	0.470264222774254
chr1	162241501	162241501	-0.0200320465915423	0.485199513076003
chr1	114664185	114664185	-0.119505643012263	0.389694020874326
chr1	211153532	211153532	0.414043896101402	1
chr1	194416770	194416770	-0.0540269679371688	0
chr1	174823086	174823086	0.100594668808196	0.508110164675247
chr1	147921192	147921192	-0.187498175362925	0.38497904846608
chr1	23592379	23592379	-0.854620146521199	1
chr1	100169070	100169070	0.147006287489242	0
chr1	163291197	163291197	-0.25486195003424	1
chr1	8275158	8275158	-0.654116932346872	0
chr1	175834754	175834754	0.670054211265965	0.597167401186128
chr1	70109324	70109324	-0.978463937764619	0.0597692098080058
chr1	173129309	173129309	-0.224403869690524	0.568841921594689
chr1	96093520	96093520	0.149366836663188	0
chr1	180625057	180625057	-0.0658237222153571	0.56145534742229
chr1	211502762	211502762	0.184289078280764	0.510167739788702
chr1	165328630	165328630	0.0245860652760555	0.596603584746536
chr1	76755536	76755536	-1.13806521944664	0
chr1	91670257	91670257	0.153373856273131	0.537254149522458
chr1	182058734	182058734	-0.152584286581922	0
chr1	192877389	192877389	0.015176881584806	1
chr1	49880067	49880067	-0.879513741597918	0
chr1	45742527	45742527	-1.30471763499972	1
chr1	71189807	71189807	-0.817171292711914	0.0593682629215723
chr1	243951720	243951720	-0.525767063128466	0.595542740646546
chr1	16341687	16341687	-1.20930195298502	0
chr1	138843898	138843898	-0.180799862960849	0.613899957255645
chr1	157290482	157290482	0.0633567435708844	0.503140696215903
chr1	1460826	1460826	-1.15398443903686	1
chr1	184389364	184389364	0.400269476767861	0.454874126406833
chr1	56909557	56909557	-1.07176300669215	1
chr1	148811828	148811828	0.142780173204945	0
chr1	116723586	116723586	-0.0701040115960641	0.542501596075636
chr1	86232994	86232994	0.275463770213558	0
chr1	134495206	134495206	0.154957414860698	1
chr1	5191536	5191536	-1.1415809268397	0.0175094763908472
chr1	155610153	155610153	-0.101017949296093	0.550941973955219
chr1	112359254	112359254	-0.353063608975488	0.00511483214409375
chr1	72189088	72189088	-1.02975735526234	0.944671096894303
chr1	210844426	210844426	-0.0411960458349591	0
chr1	240792346	240792346	0.0199064712640865	0.990603593674947
chr1	933342	933342	-0.955945779306819	0
chr1	117111952	117111952	-0.235123554464171	0.979345214655164
chr1	51769052	51769052	-0.731660203910467	0
chr1	64610158	64610158	-1.23430051058764	1
chr1	25712876	25712876	-0.530751422723739	0
chr1	146018659	146018659	-0.182329971075998	1
chr1	108573525	108573525	-0.0558959765835776	0
chr1	88753791	88753791	0.142878565674558	1
chr1	154229258	154229258	0.161268613290601	0
chr1	105907369	105907369	-0.0955429939591227	1
chr1	117575078	117575078	-0.162863514299845	0.540501394730626
chr1	140450777	140450777	-0.144946197251992	1
chr1	65920965	65920965	-1.20699986811907	0
chr1	210378893	210378893	0.0877949341307882	0.516844325742181
chr1	229055751	229055751	-0.328971916106845	0.318853069669586
chr1	194023581	194023581	0.0468084365179648	0.660068840344171
chr1	18682166	18682166	-1.35857597569821	0
chr1	110755846	110755846	-0.285583252920214	1
chr1	94776661	94776661	-0.43349649084384	0.495396596359717
chr1	139568700	139568700	-0.190430674419519	1
chr1	210113600	210113600	-0.104945518666336	0
chr1	19162508	19162508	-0.937751550892633	1
chr1	221510376	221510376	-0.00560268618976223	0.455841618417808
chr1	178052382	178052382	0.186143071607491	0.601450843846233
chr1	233246958	233246958	-0.0116857317850712	0
chr1	243224105	243224105	-0.103157030059937	1
chr1	188488634	188488634	0.261041151874078	0
chr1	184578457	184578457	-0.101809374341775	0.631896032777838
chr1	208342342	208342342	-0.441139292795443	0
chr1	169194114	169194114	-0.0143376886246985	0.496360309660195
chr1	85665747	85665747	0.0872836009704663	0.500742948529388
chr1	208357180	208357180	0.0804212400549897	0.52574175208432
chr1	14721429	14721429	-0.722028089438055	0
chr1	220678947	220678947	0.350648655399863	0.528846220870136
chr1	28150097	28150097	-0.872217441465141	0
chr1	73405613	73405613	-0.851684292195813	0.963385960723419
chr1	235370812	235370812	-0.374158203862089	0.422398011214878
chr1	245462481	245462481	0.0280659417434802	1
chr1	240875252	240875252	-0.0289721589844169	0.0377296836903448
chr1	204758351	204758351	0.137019076578543	1
chr1	245074563	245074563	0.0441108241748471	0.466470650947727
chr1	136355981	136355981	-0.0746936101253477	0.456894617054858
chr1	101355803	101355803	-0.0329022911972914	0.427629223758704
chr1	114131824	114131824	-0.0394066954435137	0.57700009590099
chr1	149378566	149378566	-0.0326793889956613	0
chr1	104320354	104320354	0.0267178515424311	0.5271252302273
chr1	9234200	9234200	-0.871599676782387	0.00123473722423088
chr1	114630092	114630092	0.188472684764153	1
chr1	156634836	156634836	-0.282839627367179	0.456696531164712
chr1	147641731	147641731	0.286504170747565	0.529722377167651
chr1	209617759	209617759	0.27711645278241	0
chr1	120519904	120519904	0.193833743859388	1
chr1	241449456	241449456	0.0992974826184147	0.459747842666156
chr1	80601661	80601661	-0.654680473280574	1
chr1	199083306	199083306	0.365762569311616	0.568935275301432
chr1	77704825	77704825	-0.458955209689717	1
chr1	169861954	169861954	0.0256481152999775	0
chr1	191564218	191564218	-0.0393881967415124	0.956707938351236
chr1	71135524	71135524	-1.23493790840518	0
chr1	103855937	103855937	0.274348648464867	0.522649353063203
chr1	172908130	172908130	0.504726461865337	0
chr1	161086464	161086464	0.297791599962247	1
chr1	21025578	21025578	-1.27992174347326	0
chr1	181322372	181322372	-0.0843764055007713	0.500679787725161
chr1	80104072	80104072	-0.925895832405123	0
chr1	1400392	1400392	-1.09946077685872	1
chr1	62553847	62553847	-1.70743190609435	0.423289044061676
chr1	41677511	41677511	-0.659899149787026	1
chr1	48715263	48715263	-1.18644821866011	0
chr1	99186387	99186387	-0.17854063370645	1
chr1	142501269	142501269	0.277092002080283	0
chr1	43647115	43647115	-1.17182803662554	1
chr1	158711759	158711759	0.192554585223267	0.466412331018656
chr1	186675806	186675806	0.0963101342689083	1
chr1	222932344	222932344	0.186476338114117	0.451592582460844
chr1	15958801	15958801	-0.685304970317401	0.965237107381072
chr1	232611909	232611909	0.20942360234802	0
chr1	139322823	139322823	0.0763787174687771	0.568581979671111
chr1	213567734	213567734	0.197419860069101	0.0305947857372606
chr1	162666324	162666324	0.0887535290065465	0.509765310652934
chr1	204369687	204369687	-0.07943322853819	0.386680224773188
chr1	200101629	200101629	-0.106171718786442	0.464538371402438
chr1	247799594	247799594	0.187722704897765	0.485265933035521
chr1	105397392	105397392	-0.113612550510691	1
chr1	3638769	3638769	-1.05114192908659	0.0699808104504585
chr1	245978690	245978690	0.0597528407394384	1
chr1	57429885	57429885	-1.21109992426194	0
chr1	76551644	76551644	-0.888816443809634	1
chr1	218751757	218751757	-0.340626842661055	0.330536422289786
chr1	80926774	80926774	-1.14469487390329	1
chr1	117620226	117620226	0.287878921314186	0
chr1	206093456	206093456	0.206082444840388	0.5340857040929
chr1	94473907	94473907	-0.24391524562878	0.51073119503821
chr1	49927131	49927131	-1.10423369411697	1
chr1	153440477	153440477	0.168120176323092	0.40965013369236
chr1	18754145	18754145	-1.05282345522228	1
chr1	19201145	19201145	-1.16384558872467	0.0514458874836706
chr1	173756690	173756690	0.261979159471477	0.589529847386027
chr1	212639846	212639846	-0.166682153244765	0.50488449995568
chr1	195804834	195804834	0.107357500402125	1
chr1	55765737	55765737	-0.964060215174445	0
chr1	132825052	132825052	0.0676826316334005	1
chr1	23634269	23634269	-1.06506029323849	0
chr1	95985795	95985795	0.0951685694237072	1
chr1	94185772	94185772	0.0258378014810339	0.424721008711283
chr1	3758	3758	-1.14934665609753	1
chr1	97080062	97080062	-0.178300885704884	0.466453179935424
chr1	53664130	53664130	-1.14571094563669	1
chr1	145238829	145238829	0.2540080265775	0.00470388318382801
chr1	24642253	24642253	-1.38850931360639	1
chr1	95308520	95308520	0.19185143852776	0.432957069541678
chr1	11963291	11963291	-0.960729342976842	1
chr1	92317248	92317248	0.227700779416165	0.49383573357027
chr1	182694729	182694729	-0.154208645587425	0.54461307560481
chr1	170670760	170670760	-0.0962296617739985	0.523828587677385
chr1	108307337	108307337	-0.166285874316603	0.485308746901001
chr1	186953052	186953052	0.0463524729085617	0.435522697667943
chr1	243370121	243370121	-0.288215306246265	0.516847048455641
chr1	29124305	29124305	-1.15337162822756	0
chr1	61678710	61678710	-1.93729773436606	0.899857332115062
chr1	93959393	93959393	-0.0110102267661117	0
chr1	84757155	84757155	-0.0697957499339059	1
chr1	156234226	156234226	0.256768138422804	0.520886968156927
chr1	29324960	29324960	-1.25482533293325	1
chr1	185193831	185193831	0.0539800200104428	0.398273641943655
chr1	71052802	71052802	-1.1125290282222	1
chr1	198017463	198017463	-0.029726107966758	0
chr1	134368455	134368455	0.236107120077053	1
chr1	147542905	147542905	0.228644034790947	0
chr1	8222761	8222761	-1.04888788030302	1
chr1	12340938	12340938	-1.04069191666182	0
chr1	57653002	57653002	-0.589873358541118	0.966781488610408
chr1	80567409	80567409	-0.899005950803955	0.0638422704077622
chr1	101595728	101595728	-0.320857962051232	0.986082750860154
chr1	35351137	35351137	-0.998282854839733	0
chr1	22281349	22281349	-0.599240946702599	1
chr1	163625732	163625732	-0.26359522928295	0.441026441490409
chr1	159440781	159440781	0.00763232624939266	1
chr1	218325446	218325446	0.190338959642692	0
chr1	199392378	199392378	-0.293317956649125	0.544632781646546
chr1	144572566	144572566	0.242919244783164	0.475316765283869
chr1	167229574	167229574	-0.160811613934482	0.62572678324881
chr1	186534266	186534266	-0.241413546719873	0
chr1	215834095	215834095	0.0808495230332732	0.539015007253016
chr1	104856540	104856540	-0.0910148286400037	0.399659793835491
chr1	194651233	194651233	-0.0166150525470605	0.954428196304053
chr1	207647306	207647306	-0.427691285927577	0.448628597688021
chr1	248374689	248374689	-0.0690630700068873	1
chr1	49156127	49156127	-0.961784014505337	0
chr1	73362221	73362221	-0.948507925924848	1
chr1	26413628	26413628	-1.03321933775517	0
chr1	196705412	196705412	0.269859704124436	0.475697113973056
chr1	146198222	146198222	0.158513445975108	0.485490566259713
chr1	210384296	210384296	-0.243830078140729	1
chr1	105587395	105587395	-0.0500835129013015	0.41895464771975
chr1	189968926	189968926	0.0645386449352412	0.51955775154181
chr1	170250483	170250483	-0.117541829500545	0
chr1	16805964	16805964	-0.714315553195816	0.986637680314616
chr1	207243736	207243736	0.113833537150417	0.0105704901382558
chr1	19930858	19930858	-0.908349043680891	1
chr1	162186938	162186938	0.326275793463846	0.492455043789373
chr1	109495088	109495088	-0.0360798533415297	0.578589037046791
chr1	177468666	177468666	-0.0349937925782902	0
chr1	189557804	189557804	0.182225819909512	1
chr1	100610587	100610587	0.304639111380182	0
chr1	26717415	26717415	-1.00427243854331	0.987696060463827
chr1	82727505	82727505	-0.048772285628118	0.504486262972763
chr1	102879293	102879293	0.0486698215046303	0.992325562602163
chr1	237740478	237740478	-0.284682525749993	0.558001796059264
chr1	129636940	129636940	0.20872609089645	1
chr1	139440878	139440878	0.184836765894336	0.399874743510936
chr1	115364708	115364708	0.0373036975417474	0.543533690148563
chr1	178620537	178620537	0.0459124870082147	0.00742075319169506
chr1	216056353	216056353	-0.436933577726793	0.543811485221436
chr1	112550258	112550258	-0.293811768482933	0.516182162846011
chr1	228019406	228019406	0.0504559235387417	0.577986727431453
chr1	184794295	184794295	-0.130110109464256	0.434100645326419
chr1	70813922	70813922	-1.09727817819533	1
chr1	165342986	165342986	0.014251439708451	0
chr1	174254826	174254826	-0.604803605541014	1
chr1	15104212	15104212	-1.11273095001486	0
chr1	118938570	118938570	0.110161397335927	0.594447250575686
chr1	175235494	175235494	0.105072540354439	0.432754307523698
chr1	231895476	231895476	-0.445043856217591	0.635056484893407
chr1	90198233	90198233	0.332347264931659	0
chr1	154724792	154724792	-0.0234690845139811	1
chr1	129367892	129367892	0.173696559140349	0.0172911531315254
chr1	121214701	121214701	0.0189242317485598	0.585988131363437
chr1	168153703	168153703	-0.247093730285818	0.484693016858513
chr1	191240892	191240892	-0.20714703283797	0.527908942165214
chr1	130097521	130097521	0.209552779961495	0
chr1	189482837	189482837	0.0362164323294171	0.555431680417651
chr1	77533924	77533924	-1.09596472245723	0
chr1	12633498	12633498	-1.31774945561279	1
chr1	211090285	211090285	-0.153528538823533	0.417450320616614
chr1	241041606	241041606	0.0367514749984028	0.49523607181956
chr1	216239577	216239577	-0.374730931681469	0.425597539270835
chr1	112689461	112689461	-0.117619277057219	0.548437777404316
chr1	115543583	115543583	0.0483334503768851	0.482543803432925
chr1	15678088	15678088	-0.967442394175355	1
chr1	155838652	155838652	0.292115097713582	0.436233745715016
chr1	169292514	169292514	-0.0164442856266102	0.590109076211568
chr1	129282709	129282709	0.147640334266398	0.458862138858025
chr1	114207497	114207497	-0.0789684904304705	1
chr1	186861785	186861785	0.140769257025111	0.452730005647152
chr1	117771731	117771731	-0.218995415067144	1
chr1	38529528	38529528	-1.04523283719171	0
chr1	211448922	211448922	-0.0368577247166053	1
chr1	88594794	88594794	-0.297048821434848	0.570851637125112
chr1	206146193	206146193	0.307814348903734	1
chr1	139375549	139375549	-0.036052576738386	0
chr1	113190619	113190619	0.109349449182581	1
chr1	88046398	88046398	0.437151890829802	0.0340708592809926
chr1	238838102	238838102	-0.414259995995053	0.614756902876261
chr1	8074717	8074717	-1.02578765013246	0
chr1	107885581	107885581	-0.0265815432899731	0.985156264144129
chr1	86810797	86810797	-0.278949509966271	0
chr1	229637641	229637641	0.184942032127897	1
chr1	71768353	71768353	-1.00053254282609	0.0133699126516346
chr1	167029402	167029402	-0.0517427856602945	0.55547788774958
chr1	40575276	40575276	-1.20939000715456	0.0212757281854856
chr1	238636923	238636923	0.0670028807039336	1
chr1	230169626	230169626	0.10786825869808	0.42848299497161
chr1	226409131	226409131	-0.252424075290615	0.540546939351862
chr1	219709960	219709960	0.287763933898413	0.485470019720104
chr1	37696524	37696524	-1.17381008886844	1
chr1	74805558	74805558	-1.21118877905512	0
chr1	68857550	68857550	-1.09164469203039	1
chr1	146114638	146114638	-0.0582565250878986	0
chr1	230681456	230681456	0.168754140805501	0.534194720371571
chr1	222024222	222024222	0.125223848724674	0.0171208230063358
chr1	105787110	105787110	0.257559355154017	1
chr1	237386156	237386156	0.0694082479397783	0.514583927606699
chr1	18351109	18351109	-0.867886737447622	1
chr1	55012307	55012307	-0.908023321445185	0
chr1	88291755	88291755	-0.331277965115355	0.569495433522188
chr1	221857787	221857787	-0.183748609737585	0
chr1	150542032	150542032	0.0562756936275868	0.54753602111046
chr1	235582840	235582840	0.172872122371809	0.419508447746016
chr1	5221390	5221390	-0.665324398202219	1
chr1	200727249	200727249	-0.0811554306992194	0
chr1	182884238	182884238	-0.190852165053269	0.952679197923934
chr1	246725060	246725060	0.154042167245659	0.559350761872
chr1	243945074	243945074	-0.00336692633468157	1
chr1	32287942	32287942	-1.0506083603595	0
chr1	137211987	137211987	-0.185101584742858	0.582085157806467
chr1	129433837	129433837	0.0252981184902084	0
chr1	62245596	62245596	-5.79848072695171	0.788542100228369
chr1	62507169	62507169	-2.25811827654485	0.448882025200874
chr1	157695399	157695399	0.00372336048749498	0.57942095513565
chr1	130614653	130614653	-0.14261748399604	0
chr1	235902064	235902064	-0.207419533752488	0.583899433202517
chr1	167983460	167983460	0.149044256681096	0.00477774783131175
chr1	19237272	19237272	-0.880520366966538	1
chr1	220669531	220669531	0.124322585121045	0
chr1	227881925	227881925	-0.146818527823146	1
chr1	238081872	238081872	0.241166718293286	0.51368582369611
chr1	88086905	88086905	0.231511023643586	0.541751267387489
chr1	82259158	82259158	-0.901732281097813	0
chr1	105507252	105507252	0.012255942358055	0.582273790753901
chr1	168646631	168646631	0.0604982761054654	0
chr1	108167879	108167879	-0.0718226534991015	1
chr1	29769011	29769011	-1.30485556083739	0
chr1	178933364	178933364	-0.266063074383203	1
chr1	203479945	203479945	0.33033122666535	0.00496727512908981
chr1	93806960	93806960	-0.0842299939166995	0.571145044567283
chr1	48835616	48835616	-1.29231405897204	0
chr1	199691738	199691738	0.00703267046901835	0.512575237754918
chr1	198259373	198259373	-0.105753311332465	0
chr1	186442866	186442866	0.169781150296824	0.512508838252471
chr1	93218207	93218207	-0.0717684201610839	0.43845593797949
chr1	133404865	133404865	0.00241371608842694	1
chr1	78498095	78498095	-1.05691672459539	0
chr1	206276316	206276316	-0.240284363826375	1
chr1	177286862	177286862	-0.148461203428659	0
chr1	200557124	200557124	-0.0519078498880565	1
chr1	234849086	234849086	0.148719793743448	0
chr1	182832535	182832535	-0.18176266059541	0.471535262687849
chr1	34793728	34793728	-0.791552646069703	0
chr1	96922608	96922608	0.0570821410556952	0.539901867047935
chr1	84702569	84702569	-0.0398616147141445	0.50658770448319
chr1	115097924	115097924	0.224880242357338	0.983553837775344
chr1	243848987	243848987	-0.0908491612137238	0
chr1	197809285	197809285	0.0662167526345328	0.564063757738329
chr1	164306020	164306020	0.0641532666359377	0.399216402203523
chr1	84284904	84284904	0.0451614609201424	1
chr1	14134121	14134121	-0.820080587649779	0
chr1	180777372	180777372	0.236955543472613	0.537958369336537
chr1	58236886	58236886	-0.846356318570032	0
chr1	87737816	87737816	-0.0799723204321719	1
chr1	184476188	184476188	-0.211145821096846	0
chr1	149256486	149256486	0.27477300985832	0.957441911687343
chr1	159828809	159828809	0.335295706107895	0
chr1	35683164	35683164	-0.634269639050893	1
chr1	135211453	135211453	0.19814884638796	0.469208356860523
chr1	239230845	239230845	-0.282405815485388	1
chr1	44620112	44620112	-1.00124583773715	0
chr1	207076659	207076659	-0.0353081218692527	0.612426283909861
chr1	166766393	166766393	-0.19705595973526	0
chr1	184490977	184490977	-0.199690787653845	0.576529956938511
chr1	10684616	10684616	-1.0371705624249	0
chr1	141657561	141657561	-0.157433087812381	1
chr1	243690710	243690710	-0.265942982204301	0.384756753332829
chr1	56154290	56154290	-1.05667465360862	1
chr1	108650454	108650454	-0.39169024089219	0.418685041199427
chr1	238895775	238895775	-0.172284045997992	0.634825733862422
chr1	47803098	47803098	-1.26909020150501	0
chr1	149657887	149657887	-0.00766878400781236	0.664445530502001
chr1	213831805	213831805	-0.0563013474210938	0.456571201994885
chr1	203089997	203089997	0.22702426989001	1
chr1	70907419	70907419	-0.935852521772147	0
chr1	90254669	90254669	-0.201940194982724	1
chr1	218622660	218622660	0.0214001791479913	0
chr1	109738774	109738774	-0.140310212194359	1
chr1	118017105	118017105	0.090817170818668	0.0132445294224761
chr1	208896920	208896920	0.123785831922555	0.394062110460121
chr1	111094775	111094775	-0.0238099683995207	0.467525231609213
chr1	62788895	62788895	-2.03314328801704	0.929820873192511
chr1	220378968	220378968	-0.0176336707441417	0.444479887210825
chr1	203551296	203551296	-0.0245794520305073	0.632735962958678
chr1	175208773	175208773	0.226883920990553	0.42763339648321
chr1	76379547	76379547	-0.809624789341202	0.904354906164032
